Results_IR_10823toIR_10824/Ir_10824shifted.txt
NCOLS 640
NROWS 480
XLLCORNER 0
YLLCORNER 0
CELLSIZE 1
NODATA_VALUE -9999
[rows 348 to 376 of 480, columns 335 to 401 of 640]
390.806 390.763 390.915 391.484 391.581 392.105 392.124 391.976 392.005 391.709 391.730 392.033 391.933 392.084 392.240 392.055 391.824 391.703 391.923 391.482 391.917 391.898 391.936 391.524 391.545 391.355 391.386 391.235 391.194 391.043 390.508 390.526 390.263 390.253 389.798 390.651 390.045 390.016 389.979 389.716 389.859 389.942 390.364 390.793 391.220 391.120 391.304 391.312 391.570 391.548 393.573 392.861 393.178 393.793 393.708 394.536 395.276 395.486 395.904 395.131 395.814 395.465 394.103 395.402 395.292 394.872 394.632
390.906 390.728 391.062 391.373 391.683 391.433 391.613 391.731 391.437 391.648 391.020 391.259 391.419 391.949 392.118 391.789 391.813 391.627 391.621 391.586 391.775 392.118 392.279 392.058 391.822 391.366 391.423 391.126 391.265 391.230 390.553 390.377 390.145 390.026 389.458 390.228 390.320 389.538 389.551 389.589 389.865 390.179 390.939 391.373 391.503 391.356 391.464 391.575 391.243 391.870 392.496 393.160 393.817 394.375 395.150 396.002 396.213 396.112 396.071 395.995 395.882 395.915 395.652 395.414 394.799 394.446 394.288
390.503 390.563 390.865 390.987 391.034 391.220 391.378 391.386 391.495 391.154 391.143 390.997 391.179 391.342 391.462 391.727 391.549 391.544 391.619 391.850 392.121 392.206 392.170 391.981 391.558 391.619 391.360 391.275 391.273 391.011 390.772 390.388 390.077 390.136 389.802 390.159 389.268 389.353 389.505 389.476 390.869 391.475 391.648 391.321 391.763 391.588 391.733 391.252 391.311 391.536 392.147 392.994 392.991 394.264 395.248 395.665 395.305 395.743 395.759 395.836 395.990 395.915 395.692 395.202 394.314 394.622 394.966
390.458 390.335 390.368 390.371 390.972 390.730 390.945 391.250 390.923 390.121 390.134 390.513 390.456 391.238 391.491 391.427 391.426 391.575 391.657 392.037 392.239 392.358 392.287 392.209 391.606 391.623 391.661 391.550 391.622 391.510 390.943 390.696 390.793 390.160 390.207 389.569 389.062 389.342 389.196 389.537 390.638 390.404 390.885 391.359 391.797 391.559 391.661 391.666 391.781 391.596 392.042 392.436 393.194 393.417 394.031 395.215 395.405 395.561 395.681 395.912 396.107 395.592 395.957 396.388 395.238 395.263 394.846
390.214 390.133 390.023 390.282 390.554 390.452 390.411 390.254 390.137 389.683 389.820 390.201 390.813 390.722 390.946 391.260 391.345 391.348 391.538 391.920 392.160 392.244 392.247 392.098 391.978 391.861 391.821 391.857 391.971 391.711 391.515 391.088 390.290 390.261 389.536 389.057 389.159 388.856 388.130 389.115 389.673 388.721 389.146 390.041 391.207 392.257 392.106 392.249 392.553 392.371 392.740 393.205 392.973 394.042 395.021 395.435 395.527 395.716 396.022 396.258 396.278 396.582 397.455 398.237 397.735 396.587 395.800
389.387 389.315 389.881 389.940 390.095 390.285 390.254 389.610 389.624 389.514 389.736 390.009 390.060 390.173 390.482 391.281 391.309 391.308 391.647 391.851 392.157 392.244 392.324 392.362 392.139 392.056 392.166 392.093 392.128 391.977 391.935 390.994 391.186 390.853 389.413 388.723 389.221 388.521 387.971 387.880 387.893 388.238 389.080 391.136 392.700 392.872 393.139 393.117 393.002 392.515 392.695 393.000 394.583 393.813 394.536 395.421 395.901 395.880 395.953 396.084 397.325 397.894 398.138 398.593 398.273 397.471 397.331
388.502 388.875 389.494 389.777 390.199 390.025 389.981 389.263 389.086 389.189 389.342 389.726 390.148 390.176 390.744 391.143 391.342 391.236 391.382 391.989 392.048 392.317 392.588 392.374 392.402 392.292 392.324 392.137 392.131 391.906 391.897 391.446 391.317 390.975 390.179 389.542 389.082 388.453 388.204 388.316 389.970 390.821 391.599 392.419 392.414 393.427 393.573 394.216 394.097 394.401 395.348 395.265 395.452 395.488 395.721 395.696 395.970 396.039 396.019 397.662 397.946 398.403 398.529 398.389 398.526 398.039 397.948
387.995 388.747 389.635 389.704 389.858 389.829 389.823 389.190 388.821 388.364 388.345 388.799 388.675 390.097 390.830 391.458 391.364 391.397 391.392 391.734 391.859 392.502 392.487 392.709 392.454 392.633 392.447 392.289 392.362 392.250 392.096 391.903 391.706 391.549 391.706 390.438 391.376 389.758 389.349 390.080 390.553 391.583 391.889 392.836 393.516 393.966 393.936 394.284 395.264 396.278 396.428 396.220 396.541 395.728 396.567 397.049 398.449 396.927 398.484 398.239 398.750 398.734 398.623 399.258 398.448 397.826 397.836
388.186 388.906 389.118 389.389 389.736 390.015 389.539 389.864 388.715 389.134 388.722 389.243 390.325 390.854 392.145 392.861 392.581 392.533 391.856 392.427 392.561 392.978 393.066 392.884 392.843 392.877 392.418 392.182 392.473 392.255 392.172 392.058 391.753 391.637 392.949 392.737 393.630 393.091 391.403 390.740 390.639 391.124 392.230 392.544 393.798 395.575 394.930 396.304 395.868 396.716 397.241 398.643 397.757 397.577 398.321 398.724 398.813 399.037 399.196 399.238 398.911 399.343 399.543 399.854 399.039 399.458 398.689
388.573 389.182 389.318 389.620 389.752 390.323 390.552 390.970 390.940 391.839 390.260 391.406 393.212 393.946 394.192 394.238 393.825 393.846 393.583 393.089 393.181 393.410 393.348 393.602 393.914 393.664 392.488 392.824 392.723 392.339 392.324 392.438 392.140 392.887 393.480 394.098 394.495 393.705 391.229 390.351 389.759 389.852 390.305 391.899 393.098 394.582 395.423 396.922 397.239 397.666 398.733 398.844 399.108 399.200 399.311 399.693 399.936 399.531 399.776 399.750 400.575 400.039 399.800 400.318 400.141 399.876 400.054
389.469 389.438 389.701 389.644 390.618 391.218 393.611 393.732 392.981 393.293 393.192 393.566 394.254 394.426 394.359 394.392 394.166 393.895 393.621 393.763 393.392 393.417 393.941 393.472 393.827 393.997 393.249 393.368 393.187 392.544 392.295 392.439 392.222 393.152 393.900 393.889 394.188 392.375 390.500 389.425 389.016 388.965 389.002 389.756 392.275 394.887 395.634 397.082 397.661 398.392 398.986 399.081 399.008 399.910 399.567 399.932 400.582 400.487 400.110 400.436 400.785 400.500 400.977 401.108 400.358 400.712 400.655
389.663 389.580 389.901 390.778 391.222 391.800 393.662 394.139 393.703 393.766 393.730 394.068 394.272 394.239 394.537 394.322 394.126 393.931 393.585 393.649 393.470 393.503 393.348 393.351 393.061 393.868 393.418 392.845 392.944 392.795 392.528 392.743 393.019 393.180 393.855 394.040 394.231 391.297 389.306 388.822 388.808 388.619 388.800 389.213 391.899 394.174 396.955 397.510 398.275 398.565 399.442 399.583 399.552 400.263 400.327 400.668 400.830 400.423 400.483 400.710 400.795 401.137 401.150 401.452 400.830 401.332 401.947
392.395 392.224 390.832 391.337 391.772 392.043 393.061 393.507 393.372 393.745 393.609 393.909 394.523 394.248 394.236 394.233 394.083 393.851 393.615 393.627 390.281 390.394 389.729 390.529 391.451 390.848 391.763 392.184 392.842 392.490 392.517 392.441 393.116 393.407 393.003 394.301 394.200 391.885 389.507 388.599 388.532 388.307 388.382 391.753 393.601 395.239 396.773 398.362 398.602 398.873 399.673 399.625 399.965 400.127 400.323 400.707 400.755 400.756 400.606 400.677 400.870 401.251 401.343 401.684 402.108 402.087 401.865
394.012 393.423 393.131 392.224 392.672 392.194 392.070 392.130 392.204 392.582 392.705 393.311 393.858 394.290 394.078 393.813 393.722 393.493 393.090 391.234 389.340 389.390 389.466 389.508 389.131 389.420 389.541 391.088 392.080 392.129 392.394 392.144 392.618 393.231 393.061 393.397 393.818 390.989 388.947 388.014 387.836 387.983 388.728 392.854 394.435 395.317 397.673 398.314 398.447 398.718 399.293 399.353 399.955 400.089 400.469 400.818 400.608 400.602 400.604 400.716 401.059 401.147 401.564 401.768 401.924 402.234 402.535
395.075 395.965 394.913 394.871 394.007 393.187 393.637 392.485 392.142 392.278 392.134 392.502 392.853 393.121 392.897 393.377 392.604 392.423 390.166 389.117 389.160 389.122 388.935 389.111 388.705 388.915 388.812 389.746 390.351 392.153 392.487 392.751 392.425 392.214 391.868 392.411 392.318 392.274 388.314 387.463 387.478 387.709 390.749 393.373 395.608 396.851 397.800 397.980 398.138 398.708 399.255 399.644 399.808 400.043 400.240 400.214 400.472 400.635 400.867 400.913 401.141 401.377 401.649 401.959 401.932 402.609 401.715
396.368 396.116 396.370 395.818 395.424 394.885 393.816 392.944 392.466 392.064 392.164 391.981 392.192 391.594 390.788 390.864 390.471 390.002 389.188 389.122 389.196 388.901 389.000 388.589 388.501 388.424 388.576 388.898 390.165 392.733 394.129 393.418 393.599 392.226 391.905 391.292 391.236 391.001 387.710 386.960 387.114 387.698 391.800 393.593 395.428 396.651 397.969 397.947 398.284 398.708 399.172 398.894 399.074 399.603 399.925 400.463 400.149 400.662 400.868 401.029 401.260 401.605 401.918 402.078 402.123 402.678 400.708
395.715 395.545 395.745 395.833 395.688 395.418 394.994 393.624 393.462 392.148 392.097 392.166 391.413 390.713 390.654 389.685 391.142 390.510 389.100 388.903 389.012 389.164 388.830 388.512 388.578 388.654 389.122 390.998 393.248 395.380 395.571 394.888 392.955 393.373 392.088 391.517 391.666 390.661 387.634 387.147 385.938 387.728 392.211 393.316 395.559 395.949 396.750 397.709 398.009 398.135 398.290 398.969 399.300 399.202 399.690 400.159 400.701 400.719 400.872 401.403 401.496 401.578 401.917 401.929 402.115 401.441 400.738
393.440 392.807 394.884 395.564 395.746 395.448 395.068 394.113 393.590 393.497 392.777 392.259 391.493 391.280 391.466 391.926 391.264 390.346 389.940 389.888 390.038 389.963 389.642 388.880 389.044 392.733 390.727 393.486 395.431 395.648 396.590 395.271 394.961 394.516 395.348 395.007 392.890 392.741 388.861 387.491 387.523 391.085 391.996 394.166 394.684 396.366 396.912 396.667 397.336 397.887 397.980 398.065 399.044 399.416 400.035 400.469 400.785 400.833 401.174 401.412 401.457 401.874 401.923 401.999 401.809 401.087 400.383
391.094 391.864 392.379 393.595 394.769 394.404 394.841 394.111 393.593 393.351 392.728 391.876 391.741 391.670 392.201 392.714 392.288 392.572 392.434 392.239 392.327 391.836 389.833 389.463 389.599 391.411 391.706 394.356 396.130 396.686 396.852 396.484 396.173 397.512 396.132 396.572 395.576 395.242 392.666 392.054 391.948 392.550 393.142 394.325 394.025 396.193 396.602 396.656 397.107 397.614 397.745 398.507 398.910 399.147 400.060 400.354 400.667 400.717 401.057 401.220 401.225 401.751 401.469 401.422 400.924 400.343 399.685
390.720 391.328 391.686 391.959 393.171 394.043 394.264 394.535 393.870 393.731 392.003 391.046 391.567 392.349 393.462 394.406 395.038 395.061 395.216 394.892 393.026 392.128 391.675 391.282 390.932 392.160 393.120 395.683 395.887 397.313 397.288 397.362 397.476 397.667 397.336 397.512 397.218 397.166 394.880 394.542 393.135 393.796 394.877 395.394 395.111 396.074 396.029 396.560 396.695 397.260 397.468 398.571 398.988 398.966 399.717 399.894 400.464 400.710 400.906 401.100 401.145 401.409 401.334 401.336 400.245 399.942 399.562
390.852 391.338 391.425 391.431 392.110 393.041 393.633 393.951 393.887 393.432 393.119 392.953 391.980 393.525 393.843 394.866 395.164 395.477 395.966 396.770 394.580 393.184 391.755 391.215 391.155 391.604 393.766 396.530 397.261 397.360 397.625 397.748 397.712 397.713 397.674 397.706 397.560 397.070 396.829 396.857 395.428 395.119 396.037 395.585 395.603 395.679 395.346 396.386 396.871 396.860 397.090 398.366 399.054 399.268 399.691 399.937 400.316 400.630 400.789 400.865 400.983 401.099 400.126 400.577 399.914 399.479 399.840
391.395 392.035 391.601 391.960 392.503 393.612 393.651 393.616 393.762 393.321 393.488 392.898 393.290 394.053 394.344 394.771 394.969 395.576 394.770 394.927 394.028 392.685 392.595 391.918 391.208 391.380 392.889 396.633 397.263 397.585 397.597 397.822 397.529 397.857 397.603 397.218 397.507 397.555 397.559 397.370 396.463 396.541 395.642 395.948 395.657 395.686 395.723 396.212 396.304 397.431 398.157 397.775 398.736 399.375 399.882 400.689 400.454 400.594 400.562 400.145 400.503 400.480 400.028 399.748 399.172 399.042 399.149
392.885 392.655 391.928 391.940 392.648 393.320 393.600 393.836 393.543 393.833 393.393 393.569 393.654 393.807 394.188 394.838 394.636 394.808 394.516 394.276 393.403 393.068 392.234 391.946 390.510 391.314 391.945 394.844 396.905 397.575 397.858 397.907 397.758 397.865 397.492 397.296 397.511 397.555 397.932 397.680 397.372 396.987 396.484 396.354 396.127 396.268 396.056 396.195 396.354 396.513 398.130 398.757 399.000 399.842 399.901 400.395 400.488 400.371 400.364 399.988 399.787 399.967 399.705 399.397 398.822 398.916 398.726
393.584 393.799 392.867 392.681 392.345 393.612 393.239 393.490 393.383 393.417 393.341 393.792 394.109 394.195 394.463 394.624 394.665 393.955 393.996 393.472 392.964 392.236 392.095 392.280 391.645 390.836 391.219 394.932 397.014 397.616 397.709 398.012 397.985 397.945 397.610 398.045 397.723 397.600 397.783 397.489 397.480 397.364 397.022 396.862 396.970 396.868 397.646 397.334 397.732 398.243 398.616 399.754 399.757 400.993 400.355 400.972 401.181 400.428 400.062 399.823 399.702 399.622 399.017 398.955 398.618 398.642 397.971
393.847 393.662 393.206 392.704 393.320 393.979 393.557 393.839 393.432 393.529 393.270 393.709 394.028 394.080 394.464 394.748 394.597 394.587 393.535 393.270 392.773 392.681 392.225 392.361 391.879 391.598 391.440 394.912 396.233 397.624 397.672 397.785 397.826 397.677 397.935 397.759 397.714 397.710 397.748 397.561 397.669 397.336 397.177 397.250 397.364 397.970 397.654 397.494 397.268 398.318 400.420 400.902 401.142 401.416 400.789 401.216 401.184 400.052 399.639 399.321 399.233 399.039 398.578 398.154 398.286 398.067 398.131
394.150 394.048 393.970 393.968 393.590 393.767 394.293 394.122 393.515 393.382 393.263 393.184 393.592 394.067 394.952 395.996 394.906 394.415 393.952 393.377 393.083 392.958 392.539 392.633 392.562 392.337 392.298 396.019 396.856 397.271 397.548 397.633 397.598 397.596 397.708 397.935 397.755 397.453 397.586 397.442 397.662 397.597 397.853 398.168 398.107 398.444 398.531 398.685 398.991 400.062 401.037 401.184 401.340 401.759 401.774 401.734 400.754 399.850 399.697 399.127 398.805 398.310 397.723 398.010 397.646 397.616 397.329
394.122 394.311 394.281 394.353 393.940 394.188 393.854 393.657 393.424 393.376 392.993 392.982 392.909 394.230 395.148 395.740 395.531 395.117 395.173 395.285 393.942 393.516 393.081 392.656 392.640 392.907 393.517 395.499 395.619 397.342 397.622 397.821 397.789 397.714 397.673 397.560 397.517 397.846 397.140 397.274 397.259 397.511 397.221 397.924 398.313 398.597 398.647 398.915 399.075 400.473 400.937 401.330 401.532 401.763 401.920 401.700 401.013 399.930 398.653 398.081 397.679 397.890 396.907 397.535 397.522 395.736 397.020
394.306 394.544 394.587 394.478 394.101 394.077 393.437 393.524 393.343 392.959 392.191 392.315 392.585 394.070 395.433 395.667 395.268 395.822 395.350 395.080 395.028 394.307 393.226 393.223 393.035 393.554 393.803 395.540 397.298 397.461 397.173 397.652 397.518 397.612 397.565 397.519 397.327 396.677 396.019 396.850 394.741 393.803 393.812 394.041 396.982 398.146 398.551 399.057 399.234 400.140 400.780 401.325 401.530 401.575 401.538 401.499 400.814 399.474 398.735 398.069 396.944 396.812 394.972 393.672 393.893 395.023 394.798
394.543 394.700 394.592 394.705 394.858 393.616 393.228 392.843 393.052 392.644 391.920 391.855 392.228 394.041 394.516 394.774 395.425 396.083 395.626 396.473 395.943 394.943 393.996 393.441 393.157 393.371 394.136 394.992 396.783 396.091 396.845 397.163 397.086 395.721 394.321 393.554 393.149 392.321 392.256 391.503 390.875 390.279 390.339 390.702 392.328 394.219 397.588 398.519 399.692 399.965 401.178 401.299 401.303 401.451 401.380 401.341 400.246 399.366 397.181 396.367 394.420 392.255 391.809 391.389 391.515 391.358 391.247
