Results_IR_10823toIR_10824/Ir_10824shifted.txt
NCOLS 640
NROWS 480
XLLCORNER 0
YLLCORNER 0
CELLSIZE 1
NODATA_VALUE -9999
[rows 435 to 463 of 480, columns 67 to 133 of 640]
391.789 391.925 391.743 391.548 393.127 394.053 396.529 399.589 400.944 401.173 401.032 401.125 399.387 398.303 397.516 396.591 397.186 397.923 399.345 399.206 399.876 399.722 400.382 398.983 399.385 400.838 400.959 401.942 401.601 402.366 401.947 401.225 401.461 401.921 402.347 402.248 402.241 401.753 401.393 400.144 400.362 399.569 396.941 395.566 393.717 390.632 389.512 387.681 387.989 386.720 387.121 387.321 387.365 387.442 387.481 387.602 387.526 387.417 387.387 389.164 389.945 391.307 392.338 393.195 393.188 393.526 393.798
391.679 391.514 391.543 391.360 392.892 394.149 395.811 398.202 400.391 400.396 400.558 399.082 396.879 395.235 394.767 394.616 397.401 398.006 399.423 399.664 399.973 401.040 400.285 400.297 400.331 402.072 401.908 402.685 402.752 401.892 402.236 402.622 402.447 402.702 402.634 402.594 402.215 402.014 401.329 400.967 400.722 399.103 397.006 395.271 394.126 390.886 389.881 389.761 389.159 388.129 387.696 387.444 387.473 387.507 387.437 388.265 387.697 388.268 389.423 391.563 392.649 391.823 393.101 393.303 393.534 393.881 393.666
391.868 391.967 391.670 391.884 392.419 393.260 394.603 396.493 398.059 399.066 396.746 394.295 392.044 391.931 391.558 392.909 395.181 397.826 399.494 400.346 400.715 401.666 401.176 401.241 400.758 402.762 403.021 402.876 403.285 403.182 403.030 402.949 402.945 402.794 402.676 402.596 402.213 402.126 401.557 401.303 400.363 400.009 397.672 395.490 394.933 392.499 392.422 390.886 390.833 390.790 392.091 390.750 390.645 390.098 390.451 391.250 391.576 390.803 392.138 392.851 393.443 393.498 393.240 394.089 394.311 394.506 394.332
391.828 391.739 391.550 391.542 391.954 391.971 392.642 393.975 394.768 393.160 393.544 392.031 391.791 391.517 391.733 393.550 395.577 398.404 399.593 400.992 401.530 402.033 402.274 403.032 403.100 403.179 403.595 403.384 403.640 403.160 403.291 403.181 403.102 402.949 402.868 402.714 402.072 402.120 401.481 400.439 400.659 398.307 397.473 396.574 396.543 394.106 394.503 394.262 394.062 393.476 392.779 392.640 390.463 392.076 391.832 391.937 391.992 392.252 393.758 393.208 394.019 393.894 394.159 393.906 394.543 394.748 395.387
391.871 391.516 391.578 391.357 391.427 391.731 391.554 391.698 391.745 393.018 392.089 392.618 392.487 391.917 391.941 393.450 395.628 398.819 400.107 401.724 402.378 402.404 402.477 402.633 403.272 403.560 403.721 403.650 403.872 403.652 403.424 403.110 403.023 402.909 402.831 402.677 402.518 401.947 401.391 400.248 399.530 399.011 398.389 396.943 396.811 396.209 395.424 395.917 395.483 393.521 393.039 392.573 392.187 392.509 392.414 392.638 394.069 393.750 393.920 393.632 394.480 394.252 395.111 395.064 396.112 395.770 395.425
392.436 391.576 391.434 391.465 391.733 391.963 391.974 392.093 392.539 392.524 392.562 392.641 392.603 392.226 392.866 394.063 397.424 399.053 401.537 402.221 402.471 403.081 402.878 403.283 403.110 403.555 403.831 403.728 403.763 403.383 403.862 403.088 402.876 402.943 402.981 402.793 402.374 401.835 400.451 400.095 399.436 398.349 397.672 397.198 396.205 396.130 394.369 393.855 393.538 393.377 392.811 392.531 392.860 392.575 393.208 393.533 393.811 394.565 394.105 394.540 394.330 394.889 395.654 395.534 395.791 395.501 395.978
391.938 391.937 391.836 391.608 392.086 391.734 392.058 392.807 392.127 392.853 393.021 393.334 393.043 392.850 394.649 396.269 399.417 401.621 401.925 402.270 402.773 403.241 403.370 403.448 403.526 403.756 403.612 403.683 403.833 403.088 403.584 403.155 403.288 403.069 402.872 402.678 402.519 402.432 400.386 399.192 397.820 395.967 395.334 394.976 394.367 393.897 393.691 393.122 392.842 392.717 392.679 392.827 392.946 393.221 393.947 394.382 395.071 394.757 394.863 395.129 395.027 395.620 395.381 395.824 395.915 395.956 396.069
393.024 392.409 393.389 393.467 393.398 394.029 394.003 392.924 393.482 393.691 392.983 393.819 393.625 394.111 395.145 397.781 400.780 401.443 402.288 402.432 402.962 403.211 403.406 403.338 403.409 403.750 403.537 403.642 403.496 403.302 403.032 403.246 403.104 403.137 402.875 402.829 402.491 401.719 399.290 398.926 396.319 394.895 393.764 393.504 393.531 393.416 393.108 392.876 392.943 392.535 392.939 392.846 393.032 394.011 394.683 394.597 394.818 394.862 395.352 395.369 395.558 395.415 395.603 395.985 396.071 396.188 396.078
394.184 394.886 393.978 394.692 395.207 394.925 393.899 394.609 394.177 394.422 394.014 394.001 394.113 394.869 395.612 397.778 401.166 401.667 401.991 402.418 402.703 403.313 403.372 403.488 403.341 403.484 403.529 403.566 403.533 403.340 403.184 402.991 402.947 403.093 402.873 402.978 402.898 401.618 400.633 398.415 396.597 393.749 393.500 393.569 393.269 392.883 392.344 392.592 392.595 392.706 393.360 393.907 394.191 394.240 394.543 395.077 395.101 394.987 395.207 395.292 395.561 395.570 396.132 396.303 396.235 396.455 396.275
395.175 395.859 396.180 395.861 396.301 396.310 395.699 395.339 394.430 394.247 393.672 393.805 393.739 394.192 394.959 395.995 398.427 400.162 401.361 401.994 402.900 403.168 403.328 403.596 403.533 403.379 403.560 403.416 403.710 403.271 403.294 403.181 403.100 402.911 402.864 402.898 401.960 401.364 400.622 398.864 396.361 394.053 393.474 393.382 393.005 392.879 392.506 392.941 392.395 392.265 393.721 393.850 394.377 394.661 394.895 394.940 395.621 395.382 395.373 395.600 396.098 396.151 396.225 396.456 396.688 396.434 396.427
395.511 396.349 396.239 397.095 397.314 396.652 395.384 395.000 395.092 394.684 393.800 394.068 394.418 395.103 395.508 395.632 395.979 396.854 399.100 398.718 401.417 402.910 403.208 403.329 403.594 403.492 403.375 403.260 403.218 403.253 403.254 403.102 402.873 402.901 402.526 402.327 401.945 401.590 400.305 398.831 397.510 395.476 393.610 393.497 393.457 393.345 393.792 393.656 393.694 393.772 393.961 394.455 394.510 395.004 395.020 395.023 395.737 395.729 395.764 395.950 396.447 396.391 396.163 396.606 396.584 396.619 396.770
395.275 395.519 396.764 396.858 397.239 397.737 396.626 395.990 395.032 395.019 394.041 393.783 394.111 394.124 394.949 394.941 395.617 395.978 397.001 396.217 398.365 400.212 402.987 403.173 403.137 403.287 403.145 403.251 403.138 403.007 402.997 402.772 402.798 402.597 402.402 402.432 402.280 401.700 401.520 396.635 396.391 395.447 395.110 393.565 393.392 393.574 393.688 393.618 394.217 394.314 394.285 394.507 394.555 395.238 395.183 395.481 395.905 396.483 396.315 396.124 396.492 396.841 396.629 396.847 396.929 396.743 396.812
393.961 395.460 395.942 397.543 398.042 397.988 397.422 397.436 397.177 395.281 394.579 394.481 394.365 394.508 394.771 394.898 395.315 395.441 395.671 396.166 396.826 398.461 400.775 402.878 402.829 402.976 403.199 403.134 402.634 401.099 400.381 400.317 399.984 402.265 402.192 402.054 401.722 400.271 399.134 397.300 396.749 396.131 395.513 395.376 394.435 394.288 393.831 393.928 394.271 394.400 395.005 394.954 395.253 396.126 395.782 395.954 396.226 396.533 396.507 396.807 396.815 396.776 396.926 396.967 396.969 396.858 396.817
393.031 393.864 395.997 397.645 397.414 397.966 397.760 397.344 397.477 395.755 395.348 395.233 395.024 394.790 394.333 394.992 395.166 395.132 395.283 395.441 396.230 396.748 398.414 399.146 402.483 402.749 402.048 402.290 401.138 398.842 399.439 399.046 399.593 400.651 400.573 398.507 399.367 397.451 397.011 396.771 396.395 396.046 396.146 395.664 395.460 395.155 394.625 394.601 394.904 395.478 395.793 396.179 396.418 396.654 396.732 396.474 396.917 396.779 396.965 397.158 396.901 396.781 396.963 396.818 396.890 396.966 396.970
393.998 394.539 395.571 396.248 397.815 397.912 397.910 398.247 397.958 397.237 396.007 396.821 394.977 394.684 394.629 394.701 394.816 394.707 394.965 395.236 395.101 395.697 396.014 396.335 398.742 399.279 399.747 400.182 400.121 398.733 398.683 398.308 398.213 397.422 397.238 396.772 396.199 395.914 395.908 395.577 396.129 396.185 396.076 396.146 396.113 396.186 396.529 395.867 396.225 396.572 396.249 396.388 396.651 397.000 396.600 396.732 397.000 396.634 397.033 397.048 396.898 396.966 396.857 396.741 396.961 396.744 396.924
394.800 395.269 395.746 396.441 397.746 398.539 398.229 398.183 398.145 398.066 397.200 396.496 396.269 395.662 394.666 394.480 394.547 394.433 394.469 394.508 395.071 395.316 395.108 396.294 396.644 397.374 397.781 398.615 398.606 398.451 398.110 398.017 397.227 396.974 396.102 394.868 395.237 394.766 395.122 395.663 395.944 395.842 396.101 395.924 396.143 396.114 396.452 396.499 397.142 396.941 397.234 397.242 396.830 397.229 397.276 396.867 396.929 396.856 396.892 396.967 396.969 396.743 396.849 396.888 396.775 396.812 396.851
395.507 394.666 395.911 396.519 397.631 397.901 398.059 398.289 398.335 398.073 397.726 397.524 395.790 395.501 395.189 394.835 394.557 394.060 394.380 394.355 394.429 394.661 395.494 395.226 396.233 397.178 398.152 398.032 398.026 397.613 397.672 396.954 396.826 396.585 396.165 395.280 395.140 395.208 395.101 395.548 395.676 395.870 395.953 396.108 396.187 396.226 396.528 396.354 396.986 397.158 397.353 397.131 397.050 397.121 396.748 396.848 396.964 396.932 396.968 396.930 396.892 396.704 396.848 396.555 396.394 396.763 396.737
395.256 395.586 395.869 396.297 397.058 398.029 398.175 398.180 398.255 398.106 397.988 397.644 396.881 396.176 395.661 394.924 394.375 394.240 394.163 394.236 394.315 394.843 395.130 395.443 396.215 397.550 398.497 398.304 398.182 398.067 397.836 396.846 397.678 396.348 396.187 395.135 395.287 394.954 395.166 395.401 395.447 395.788 396.023 396.258 396.154 396.150 396.303 396.569 396.842 396.888 397.265 396.867 396.965 396.855 396.627 396.693 396.695 396.847 396.851 396.625 396.694 396.809 396.813 396.926 396.855 396.816 396.663
394.552 394.885 395.961 396.710 396.665 397.782 398.014 398.132 398.140 397.988 397.871 397.456 397.139 396.447 395.855 394.785 394.634 394.175 394.275 394.316 394.512 394.785 395.509 396.017 397.495 397.521 398.082 398.140 397.950 398.052 397.756 396.771 397.219 395.884 395.498 395.486 395.521 395.224 395.139 395.440 395.487 395.788 395.764 396.026 396.184 396.117 396.488 396.390 396.610 396.581 396.802 396.813 396.774 396.623 396.729 396.583 396.466 396.762 396.624 396.507 396.614 396.656 396.732 396.773 396.776 396.850 396.702
394.235 394.435 396.161 396.523 397.100 396.901 397.639 397.525 397.970 397.720 397.786 397.752 397.413 396.494 395.672 395.310 394.919 394.265 394.583 394.490 395.269 395.862 396.291 396.081 396.298 397.851 397.939 398.133 397.652 397.299 397.204 397.011 396.395 395.893 395.455 395.404 395.216 395.249 395.290 395.665 395.642 395.685 396.062 396.184 396.152 396.412 396.386 396.532 396.502 396.616 396.360 396.721 396.509 396.538 396.391 396.386 396.424 396.459 396.613 396.654 396.546 396.540 396.543 396.657 396.925 396.743 396.736
394.471 395.367 395.216 395.705 396.324 396.983 396.749 397.864 397.942 397.645 397.634 397.744 397.598 396.576 395.909 396.069 395.511 394.931 395.139 395.976 395.735 396.248 396.153 396.187 396.227 397.383 397.282 397.946 397.785 397.783 396.842 396.540 395.370 395.775 394.816 394.821 394.785 395.047 395.318 395.259 395.481 396.165 396.258 395.997 396.180 396.111 396.370 396.120 396.447 396.686 396.884 396.474 396.460 396.423 396.494 396.533 396.610 396.205 396.528 396.355 396.647 396.471 396.726 396.921 397.153 396.823 396.738
393.925 394.232 394.806 395.757 396.178 396.530 397.179 397.316 397.581 397.701 397.594 397.440 397.364 396.680 397.002 396.375 396.091 396.042 396.301 396.945 396.292 396.078 396.072 396.066 396.177 395.690 396.722 396.200 396.597 397.022 396.427 395.583 395.376 394.881 394.710 394.706 394.744 394.933 394.906 395.691 395.680 396.053 395.504 395.402 395.854 395.834 395.796 396.094 396.032 396.365 396.648 396.206 396.230 396.264 395.932 395.882 395.994 396.410 396.425 396.649 396.620 396.656 396.658 396.543 396.615 396.545 396.732
394.042 394.755 395.047 394.764 396.334 396.616 396.810 397.112 397.010 396.972 397.116 397.042 397.417 396.642 397.446 397.141 397.133 396.868 396.670 396.584 396.429 395.971 396.056 395.432 395.252 394.874 394.975 395.310 395.805 395.710 394.622 394.553 395.371 395.176 394.645 394.703 394.786 394.900 395.239 395.401 395.336 395.408 395.336 394.503 395.000 395.240 395.325 395.327 395.675 395.569 396.542 396.314 396.494 396.092 396.374 396.273 396.345 396.423 396.575 396.505 396.652 396.582 396.691 396.395 396.463 396.766 397.001
394.300 394.323 394.937 395.698 396.590 397.107 397.088 396.713 396.695 397.067 396.513 396.119 396.445 396.312 397.094 397.507 397.820 397.456 397.282 396.787 396.472 396.046 394.796 395.652 394.702 394.781 394.972 394.420 394.138 394.238 394.276 394.727 394.366 394.548 394.630 394.634 395.270 395.177 395.058 395.136 395.623 395.605 395.678 394.889 395.010 394.756 395.046 395.019 396.144 395.589 396.097 396.192 396.381 396.649 396.317 396.424 396.537 396.579 396.618 396.618 396.619 396.504 396.464 396.426 396.800 396.925 396.969
394.428 395.124 396.719 395.988 396.673 396.808 397.000 397.044 396.483 396.275 395.669 395.653 395.839 396.337 396.470 397.782 397.905 397.941 396.666 396.357 396.424 395.902 395.739 395.792 394.978 394.846 394.957 395.232 395.042 394.691 394.381 394.516 394.296 395.034 395.134 395.319 395.328 395.103 394.798 395.500 395.294 395.592 395.528 394.883 394.677 395.006 394.903 395.016 395.397 396.012 396.408 396.683 396.655 396.619 396.205 396.865 396.551 396.576 396.688 396.583 396.653 396.395 396.460 396.500 396.614 396.732 396.960
395.296 396.348 396.461 396.613 396.732 396.624 396.731 396.697 396.659 396.431 396.278 396.724 396.558 397.190 397.622 397.559 397.964 397.533 397.028 396.604 396.792 396.704 397.152 399.290 396.192 396.864 397.121 398.122 396.913 395.993 396.071 395.589 395.567 395.230 395.261 394.803 395.051 395.056 395.172 395.362 394.773 395.465 395.526 394.779 395.044 394.943 394.679 395.195 395.514 395.901 396.104 396.187 396.223 396.452 396.347 396.380 396.420 396.311 396.194 396.567 396.392 396.573 396.428 396.423 396.460 396.686 396.735
395.159 396.075 396.558 396.540 396.764 396.809 396.660 396.543 396.652 396.433 396.802 397.116 397.690 397.900 397.795 397.608 397.220 397.584 397.259 397.725 399.182 401.099 401.388 400.457 401.401 400.795 401.401 399.691 398.735 396.896 396.331 396.345 395.784 395.728 396.285 395.252 395.290 394.918 395.316 395.250 395.590 395.680 395.723 395.686 394.708 394.897 395.014 395.129 395.361 395.631 395.982 396.213 395.811 396.102 396.147 396.002 396.144 396.413 396.235 396.529 396.501 396.499 396.348 396.306 396.342 396.383 396.755
394.131 395.330 395.898 396.295 396.421 396.463 396.312 396.422 396.390 396.652 396.920 397.082 397.393 397.814 397.944 398.319 397.523 397.761 397.726 400.673 402.767 402.685 402.784 402.416 402.777 402.450 401.608 400.417 400.439 399.004 397.111 396.407 396.347 396.310 396.046 395.586 395.424 395.374 395.257 394.773 395.352 395.787 396.027 395.952 395.581 395.301 394.954 394.905 395.316 395.290 395.926 395.426 395.557 396.164 395.922 396.289 396.042 396.220 396.302 396.341 396.264 396.226 396.072 396.107 396.073 396.333 396.038
393.897 395.282 395.893 396.364 396.494 396.580 396.396 396.652 396.807 396.962 396.705 397.075 397.725 397.681 398.129 397.809 399.298 399.693 399.044 402.178 403.593 403.604 402.857 403.057 403.029 402.644 401.911 401.544 400.060 398.425 397.089 396.518 396.353 396.531 396.465 396.163 396.491 395.747 395.350 395.938 395.700 395.987 396.148 395.365 395.897 395.387 395.217 395.137 395.246 394.985 395.129 395.358 395.254 395.664 395.645 395.831 396.062 396.032 396.145 396.037 395.656 395.789 395.530 395.826 396.061 395.992 395.503
