Results_IR_10823toIR_10824/Ir_10823shifted.txt
NCOLS 640
NROWS 480
XLLCORNER 0
YLLCORNER 0
CELLSIZE 1
NODATA_VALUE -9999
[rows 116 to 144 of 480, columns 536 to 602 of 640]
351.655 351.186 350.638 350.560 349.973 349.856 350.090 350.012 350.834 351.929 351.147 349.308 349.934 348.369 349.816 349.503 347.821 345.629 347.430 347.077 346.999 347.469 348.134 350.012 347.899 349.543 348.995 351.147 352.398 352.242 351.890 352.085 352.046 348.916 346.490 345.042 345.629 346.529 347.938 348.017 349.190 351.029 351.616 351.499 351.068 350.912 352.164 353.376 351.420 350.325 350.990 349.777 348.212 348.486 348.603 348.799 348.173 347.977 349.425 350.716 350.834 349.230 346.686 347.899 347.234 345.394 343.163
352.829 351.342 350.755 349.738 349.543 350.051 347.038 349.073 350.364 350.560 350.638 350.129 349.386 349.816 351.147 349.660 347.938 348.564 347.703 348.760 347.782 347.390 348.760 347.782 348.173 348.095 347.156 348.173 350.560 349.582 350.169 350.834 351.029 350.129 348.056 348.369 348.134 348.643 349.308 348.212 350.834 351.186 351.107 350.951 350.716 352.477 352.985 354.041 352.907 350.403 350.090 349.738 348.408 347.703 347.038 348.290 347.703 347.273 348.486 347.938 347.938 348.290 348.799 346.647 344.455 343.985 342.576
352.829 352.907 353.181 350.403 349.543 348.173 348.721 349.777 350.560 350.521 350.599 350.090 350.169 350.208 350.286 350.599 349.816 349.934 349.660 348.603 348.447 348.095 349.112 348.995 347.938 347.703 348.056 348.564 350.129 347.938 350.521 350.599 350.403 349.856 350.442 350.012 348.290 349.660 349.308 349.895 350.051 350.794 349.464 346.060 346.021 348.134 349.347 349.856 350.990 352.789 350.325 347.782 346.725 346.412 346.490 348.056 348.330 347.469 347.430 348.682 350.169 349.738 346.921 344.807 345.394 345.042 345.942
352.789 353.533 353.493 352.242 350.169 351.107 349.934 350.208 349.856 349.856 350.129 349.973 350.051 350.247 349.699 347.860 347.860 348.838 349.582 348.369 349.112 348.486 348.408 348.525 347.977 348.251 348.525 348.447 349.386 348.330 350.599 349.934 350.247 349.973 349.151 348.330 348.056 348.838 347.586 348.251 348.682 349.425 345.942 346.060 346.451 347.743 347.312 347.938 347.116 347.586 347.430 347.234 346.803 346.216 347.860 347.977 347.038 347.195 347.195 346.686 348.056 347.860 346.412 347.351 346.725 345.590 342.380
352.750 352.477 351.459 348.486 350.599 349.738 349.386 349.738 350.051 349.543 348.525 349.230 349.386 347.977 346.295 345.551 346.882 347.351 347.234 348.056 348.916 349.738 348.643 348.251 347.625 347.351 348.643 348.838 351.225 351.068 350.599 350.912 350.560 349.190 348.721 348.095 348.330 346.960 349.230 348.447 348.877 349.934 350.521 350.286 348.212 346.921 346.255 346.686 345.981 346.921 346.295 347.390 346.803 347.430 347.273 346.412 346.529 346.060 345.629 345.590 346.725 347.430 347.703 348.056 347.664 346.334 345.590
348.408 347.938 348.760 347.899 347.860 347.743 349.347 349.699 349.425 349.895 350.090 349.269 348.290 347.273 346.882 346.412 345.903 347.508 347.703 348.290 349.230 348.995 348.134 347.938 347.273 346.999 348.603 351.147 349.151 350.286 349.112 350.247 349.582 347.312 347.625 347.703 347.077 349.699 350.951 350.169 349.973 350.286 348.916 348.212 347.547 346.099 347.664 347.938 347.586 345.551 345.903 346.177 346.099 347.116 347.038 346.021 346.490 345.316 345.825 345.825 347.390 347.390 347.977 348.643 347.664 347.508 347.625
348.134 348.212 347.664 348.173 348.173 349.425 349.034 349.347 349.621 349.856 349.543 349.503 347.899 346.060 344.925 345.003 344.416 345.981 347.508 347.703 347.586 347.664 346.882 347.390 346.216 345.747 346.921 347.782 348.838 348.799 348.134 348.017 348.095 347.312 348.017 346.647 347.116 349.816 354.471 354.197 354.823 349.973 348.134 348.995 348.369 346.647 345.473 347.782 346.177 343.985 346.177 345.786 344.768 345.277 345.786 345.786 346.177 345.668 345.707 346.099 347.312 347.664 347.977 348.134 348.056 347.743 346.686
347.860 347.899 347.195 348.643 349.073 349.230 349.425 349.973 350.090 349.425 348.877 348.212 344.768 344.102 343.633 343.672 344.729 344.611 346.451 347.390 349.308 346.999 346.882 346.999 346.608 347.234 347.977 347.195 348.799 348.369 347.234 346.921 347.351 347.703 350.481 346.373 345.433 345.903 349.895 350.834 349.777 350.834 350.755 349.699 348.995 346.842 346.725 345.433 342.615 341.518 342.928 343.946 343.202 343.907 345.473 345.942 345.590 344.807 345.081 346.490 347.547 348.095 345.433 349.151 349.308 347.234 342.928
348.447 348.369 348.212 349.230 350.208 349.190 349.034 350.129 350.090 350.325 349.816 349.347 347.077 345.629 343.241 341.910 341.401 341.597 342.067 347.312 348.447 351.538 349.934 346.842 346.490 347.273 348.212 348.251 348.799 347.938 346.725 345.512 344.181 346.647 346.216 345.981 345.512 344.024 340.735 339.717 340.461 347.351 349.856 348.486 345.042 344.768 343.241 341.362 339.834 339.756 341.283 342.693 342.615 343.359 345.433 345.668 345.473 346.021 347.351 347.860 347.547 347.664 347.860 349.738 349.425 348.017 342.184
350.090 347.625 346.647 346.842 347.156 347.586 348.369 349.934 349.660 349.895 349.034 348.956 349.269 348.212 347.664 344.846 343.319 343.124 345.473 347.469 352.007 352.320 348.721 348.251 348.134 348.799 348.369 347.743 347.938 345.707 344.063 343.672 344.063 343.594 342.458 343.163 343.437 341.087 340.853 337.523 339.442 345.707 348.134 347.038 343.672 340.108 339.521 339.442 339.403 340.539 340.970 341.714 342.145 344.533 344.768 343.946 342.967 342.810 344.572 344.455 342.536 344.181 346.334 343.594 341.479 338.698 336.347
349.777 349.269 348.447 349.347 349.425 349.190 349.503 344.611 343.711 347.390 345.707 347.273 347.156 347.312 347.312 348.212 349.308 350.247 349.073 349.386 348.017 347.586 347.312 346.529 346.412 348.017 348.212 347.156 346.686 344.611 344.925 343.633 343.163 342.928 343.085 338.816 337.170 341.322 342.928 345.747 344.651 346.177 346.412 346.529 343.868 342.850 339.442 339.560 340.774 340.069 341.127 342.576 341.949 342.106 342.106 342.771 341.871 341.440 341.714 340.422 342.810 344.142 343.045 343.006 340.265 336.504 335.485
349.425 349.386 347.899 348.603 346.686 343.828 342.615 342.536 345.081 342.654 342.106 342.615 342.967 344.181 344.964 347.508 347.821 347.234 347.195 344.964 347.273 347.469 347.508 347.664 347.625 345.316 343.868 344.337 344.572 343.594 343.515 344.063 344.298 343.672 344.063 345.238 343.711 343.085 343.515 345.864 345.707 347.038 347.234 346.373 345.433 343.241 342.419 342.184 340.892 340.657 341.009 340.892 342.771 344.729 342.850 341.322 342.027 340.461 340.970 341.792 341.832 340.539 340.265 338.071 339.952 337.444 337.131
343.868 348.447 348.643 348.017 347.077 342.889 339.913 342.067 342.967 342.928 341.675 341.401 342.536 347.430 344.142 343.594 343.437 342.419 339.364 337.601 341.910 345.629 347.156 347.860 344.690 342.184 342.262 340.108 342.810 343.006 343.085 343.711 342.732 342.889 343.280 344.181 343.241 341.714 344.063 343.319 341.675 347.116 347.351 346.803 345.042 343.476 343.280 342.889 341.557 342.732 342.536 340.774 341.440 342.693 342.067 341.518 341.401 340.383 340.813 342.027 342.576 342.850 341.087 338.463 337.758 337.288 337.562
345.668 345.238 343.006 346.138 347.234 347.782 345.903 342.223 341.910 341.518 342.654 342.536 344.964 345.120 344.494 344.807 346.451 346.960 345.394 345.081 345.707 344.729 346.334 347.430 343.398 342.615 342.497 341.753 341.988 341.087 340.931 341.362 342.732 343.750 343.163 343.319 341.401 341.518 341.832 342.106 344.533 346.569 345.120 345.903 342.693 342.654 342.889 342.771 340.970 341.557 342.536 341.910 340.383 336.818 336.700 336.269 336.896 335.838 338.385 340.578 345.394 346.021 343.124 341.009 338.424 338.032 336.504
342.928 343.085 342.341 342.536 341.949 342.106 342.458 343.359 343.085 342.732 343.672 342.458 342.341 344.259 344.142 343.946 344.690 345.747 346.216 346.216 341.792 343.711 343.750 342.027 339.051 336.191 335.563 336.935 339.442 339.129 339.247 341.518 342.301 342.341 340.578 338.541 337.405 337.249 338.424 337.836 339.873 342.027 341.087 341.401 338.777 343.006 340.383 339.168 339.168 340.108 339.168 337.523 336.230 334.544 333.251 334.427 334.544 335.132 337.249 340.853 342.536 344.690 342.184 341.087 338.581 336.700 335.250
342.889 343.085 341.205 343.319 341.753 341.949 343.437 344.377 343.006 345.942 342.889 341.362 343.280 343.359 343.476 343.828 343.476 343.045 342.301 341.205 340.892 340.539 340.461 339.952 335.995 334.388 334.623 336.112 335.995 338.894 339.403 339.090 339.913 339.873 338.541 338.463 340.931 340.226 340.422 337.719 338.424 336.465 334.427 334.427 335.328 336.230 337.249 335.838 337.758 335.916 335.093 333.212 331.604 331.878 332.623 334.035 334.270 334.976 336.857 337.327 340.578 341.557 340.970 339.364 335.681 334.231 331.525
339.952 338.541 336.347 337.915 341.244 342.027 341.910 342.262 341.871 342.458 342.341 341.675 340.108 336.896 336.426 336.700 336.347 337.523 341.009 340.422 339.756 337.836 337.405 337.249 335.877 334.897 334.936 333.721 333.878 336.151 337.053 337.484 337.405 336.896 337.327 338.737 341.362 341.832 342.145 341.009 337.523 331.878 331.212 330.820 330.663 332.114 331.172 331.996 334.662 336.151 336.034 333.525 331.369 331.565 332.231 331.878 333.721 335.093 335.054 334.936 337.836 341.792 341.205 339.521 335.211 333.917 335.211
339.795 336.073 334.505 333.447 337.954 341.244 341.871 340.343 339.873 336.818 336.347 333.800 334.388 334.270 334.505 337.327 338.071 340.108 342.106 340.461 339.677 337.836 337.836 337.836 336.857 335.995 337.053 332.545 333.290 336.622 338.463 339.717 340.069 340.226 340.187 340.500 340.931 340.500 337.523 335.367 335.367 332.074 331.212 330.741 327.132 330.388 333.643 337.484 337.131 336.073 334.936 333.251 332.663 331.682 331.447 332.074 334.858 334.897 335.093 338.228 342.419 342.732 342.262 339.638 335.995 334.544 335.211
335.720 335.446 335.250 337.601 343.437 344.337 342.145 339.247 335.603 333.094 332.467 331.486 331.918 331.878 333.564 338.541 340.774 341.127 340.422 337.954 338.385 337.915 336.151 334.388 333.055 331.565 331.761 333.996 336.347 336.269 339.991 340.539 337.640 338.816 341.205 341.283 340.383 335.720 336.269 335.367 335.289 336.857 334.662 334.152 334.152 331.329 334.152 334.388 337.249 338.150 336.112 335.524 334.427 333.878 332.741 334.388 335.955 336.151 337.993 340.931 342.928 341.871 340.343 337.444 335.054 334.858 337.405
338.541 338.816 342.771 343.202 342.576 341.597 338.385 335.877 333.172 331.800 332.271 332.427 332.663 332.584 333.447 339.168 340.030 339.090 338.346 337.993 336.857 335.681 332.702 330.584 331.055 331.565 332.074 332.898 333.133 335.799 338.972 334.858 334.388 338.894 341.479 340.813 337.444 335.720 335.446 335.838 338.228 336.818 335.877 334.505 335.054 331.918 333.839 336.700 338.933 338.424 336.582 335.603 335.250 334.544 333.094 334.074 335.877 335.955 339.325 343.280 342.654 341.127 337.013 336.700 334.309 334.858 336.426
334.740 337.797 336.308 337.954 338.698 338.385 336.073 333.839 331.604 332.663 332.427 332.427 333.956 334.427 337.366 338.032 338.385 337.680 336.347 334.819 334.740 334.309 333.917 333.643 332.545 331.722 331.682 332.819 332.976 333.800 335.407 334.623 336.818 339.325 340.226 340.578 339.991 339.521 339.403 338.189 337.288 335.955 335.054 335.524 334.584 334.192 336.426 337.484 337.366 336.504 335.955 335.328 334.035 332.231 333.447 334.192 335.799 336.191 336.465 336.935 336.308 335.759 334.035 333.015 333.721 334.309 333.917
330.153 330.702 330.898 332.898 338.111 339.286 333.564 331.329 331.369 331.918 332.192 332.114 333.212 334.740 340.030 339.795 340.030 338.972 337.562 335.681 334.740 335.015 333.956 334.152 333.133 331.996 331.761 332.271 332.898 332.545 333.643 335.093 335.015 334.584 336.661 341.048 340.657 339.051 338.032 338.541 336.034 335.603 335.211 334.701 331.369 331.369 332.271 331.565 334.740 336.308 335.916 334.192 331.251 330.231 332.427 332.310 333.760 334.035 335.485 334.348 333.368 332.976 332.702 333.839 332.231 331.290 333.878
327.956 330.310 333.368 339.168 341.362 338.541 330.506 330.270 330.780 332.231 333.055 332.114 332.467 332.506 334.623 337.680 340.265 340.030 338.111 334.897 333.212 334.388 336.426 336.191 333.839 333.251 332.937 332.623 331.878 329.447 330.035 329.957 328.897 329.878 334.897 339.012 337.640 335.681 335.720 336.034 334.976 334.544 331.604 329.329 327.956 327.877 328.623 333.564 336.661 335.367 334.976 330.937 330.584 330.467 330.545 330.506 331.212 334.152 336.073 335.524 333.408 333.133 333.329 333.721 334.936 334.936 335.524
334.074 332.427 331.055 331.212 331.251 330.702 330.623 328.976 329.525 331.369 331.682 332.976 334.270 333.643 334.623 334.623 335.681 337.562 334.936 332.114 332.271 342.301 348.290 342.301 335.446 335.132 333.251 332.663 331.643 332.035 330.859 326.935 326.818 329.800 334.976 335.015 331.722 332.545 331.996 330.937 329.604 329.290 327.171 325.797 328.584 327.249 330.310 334.858 335.015 334.427 331.800 331.251 329.839 330.114 330.859 331.447 332.859 333.447 333.800 333.839 333.172 333.604 332.623 334.819 334.388 335.250 334.740
333.643 331.016 332.467 332.819 332.271 331.212 330.820 330.937 330.192 332.074 332.074 333.015 333.760 334.388 334.074 332.545 332.153 331.094 330.270 331.290 333.682 334.388 335.681 334.505 329.329 330.153 330.937 331.800 329.839 330.506 329.407 329.368 328.897 329.094 334.231 331.604 332.663 328.505 325.640 327.524 327.720 326.308 325.405 326.347 327.563 328.858 329.251 331.800 331.996 331.957 331.329 329.368 329.486 330.545 331.251 331.604 333.760 333.329 333.525 333.329 332.506 330.820 330.820 332.231 334.623 334.544 331.643
332.937 337.170 337.405 336.269 333.329 332.427 331.290 330.349 331.172 330.231 330.937 331.878 332.427 335.642 334.505 334.623 334.780 331.565 331.212 330.427 329.760 327.917 327.720 327.917 328.623 328.740 330.270 329.878 330.153 327.838 326.308 327.132 329.525 330.820 333.760 334.427 331.290 325.640 323.834 324.305 325.012 324.698 325.522 326.543 329.251 329.800 327.760 327.289 327.877 326.739 328.152 327.328 327.406 326.268 329.290 331.055 335.015 334.231 328.387 326.935 327.328 327.367 327.249 332.114 332.427 331.408 331.251
337.131 337.719 332.153 332.074 332.349 332.819 331.212 332.663 332.506 331.878 332.310 333.604 333.878 335.759 334.780 331.133 329.957 330.545 331.486 330.584 328.505 327.799 328.034 328.230 328.034 328.230 328.466 327.956 328.662 327.367 326.700 326.190 326.504 328.113 330.467 329.368 326.190 325.051 324.541 322.185 324.070 325.169 325.601 326.661 329.172 328.662 325.562 325.444 325.365 325.601 324.855 325.993 326.386 326.465 325.993 325.954 328.780 327.249 325.483 326.425 325.562 323.913 325.993 326.229 326.935 327.132 327.838
332.114 331.251 328.427 329.643 328.348 329.564 330.153 332.388 330.349 329.996 332.153 332.153 333.917 334.623 331.604 328.584 328.780 329.447 328.309 325.444 327.760 328.113 327.956 327.681 327.760 328.073 326.935 325.915 325.836 329.094 326.308 325.797 327.210 326.111 325.993 326.308 325.208 323.559 324.502 324.580 324.934 325.169 325.012 325.444 327.446 327.406 325.797 325.365 324.934 324.816 324.462 325.365 325.405 322.145 322.656 322.303 322.381 320.574 320.692 320.495 320.181 320.378 320.692 322.813 322.460 321.438 321.674
333.015 330.310 328.466 327.956 327.877 325.993 325.522 325.719 326.111 326.190 326.739 328.780 331.839 330.741 328.427 328.230 328.309 327.681 324.305 322.420 325.522 325.640 324.659 327.485 325.562 324.777 324.659 324.462 325.562 322.538 324.816 325.365 325.679 325.208 322.617 322.656 323.206 323.284 323.952 323.167 324.109 322.852 323.481 323.873 322.185 320.299 320.181 321.163 322.067 321.517 321.596 322.303 321.124 320.613 320.731 320.456 320.142 319.985 320.063 318.884 318.137 319.513 318.295 317.980 318.216 318.059 318.059
