Results_IR_10823toIR_10824/Ir_10823shifted.txt
NCOLS 640
NROWS 480
XLLCORNER 0
YLLCORNER 0
CELLSIZE 1
NODATA_VALUE -9999
[rows 319 to 347 of 480, columns 402 to 468 of 640]
400.679 400.367 400.523 400.953 401.109 401.109 401.304 401.109 401.109 400.953 401.031 401.265 401.968 402.631 403.295 402.631 403.529 404.076 404.154 404.467 404.388 404.037 403.569 402.631 402.280 402.007 401.148 401.694 402.671 402.866 403.920 402.827 400.094 398.649 397.751 396.033 396.111 395.057 394.784 394.511 394.276 394.120 394.550 393.808 394.784 394.472 395.252 395.291 394.901 394.862 394.589 393.261 391.036 390.841 390.880 391.817 394.979 395.916 396.697 396.346 396.267 396.307 394.628 395.487 395.330 395.604 396.228
400.211 400.250 400.445 400.367 400.484 401.304 401.304 400.718 400.562 400.601 400.445 400.914 401.343 402.046 402.436 403.569 404.232 404.584 404.662 404.701 405.208 404.701 404.310 404.154 403.022 402.085 401.577 401.304 401.265 401.304 402.631 401.812 399.079 397.204 396.658 395.565 394.862 394.745 394.706 394.706 394.276 393.847 392.441 392.793 393.495 394.120 394.315 395.096 394.901 394.823 394.081 392.715 391.426 390.724 390.645 394.706 396.307 396.697 396.658 395.643 394.472 393.535 393.691 392.832 392.676 392.637 395.643
399.430 400.016 399.937 400.601 400.406 399.859 401.109 400.328 400.094 400.250 400.445 400.718 401.577 401.382 401.851 402.905 404.271 404.506 404.701 404.935 404.740 404.349 404.037 404.037 403.334 402.319 401.421 400.914 401.109 400.796 401.694 400.250 398.649 396.424 396.619 395.291 394.901 394.901 394.706 394.628 394.120 394.159 393.066 393.105 392.676 395.252 395.409 395.330 394.901 394.433 394.003 391.973 392.246 391.036 393.144 396.228 397.673 398.063 398.961 398.141 397.361 395.213 393.652 392.871 391.973 392.285 393.183
397.829 398.337 398.649 399.742 399.391 399.508 399.703 399.469 399.742 400.367 400.523 400.523 400.601 400.757 400.914 402.397 403.061 403.647 403.764 404.232 403.725 404.076 403.334 402.397 401.148 400.211 399.235 398.571 398.376 399.391 399.274 398.337 397.439 396.619 396.072 395.330 395.135 395.409 394.862 394.433 394.042 393.769 393.378 395.174 396.346 396.931 396.267 395.135 394.862 393.730 393.574 392.051 392.246 392.168 393.925 396.970 398.961 399.039 400.133 399.937 400.055 399.547 397.595 395.760 393.847 391.856 392.090
394.706 395.916 397.439 398.649 399.118 398.727 399.118 399.391 399.157 399.039 398.961 399.625 400.445 398.844 398.688 398.922 398.727 399.430 402.475 402.358 402.358 402.788 401.616 398.961 397.673 395.604 394.550 394.589 394.979 396.658 398.220 397.009 396.619 396.619 395.643 395.487 395.604 395.291 395.330 394.198 393.613 393.886 394.940 396.892 397.439 397.048 397.165 396.814 395.213 393.574 393.144 392.285 392.168 392.598 395.370 398.337 398.532 399.235 400.484 400.406 401.382 401.109 400.718 399.703 397.556 395.291 392.168
391.153 394.159 395.682 396.931 398.688 398.063 397.517 397.087 396.814 396.463 396.307 396.814 397.946 395.174 393.652 393.222 393.847 394.823 397.634 399.430 401.148 401.265 399.859 397.985 394.550 394.120 392.090 392.246 393.066 395.643 396.385 396.619 396.385 396.502 396.228 396.189 396.541 395.487 395.018 394.237 393.847 394.511 394.354 396.541 397.556 397.517 397.048 397.361 396.619 395.330 393.769 392.637 392.324 394.315 397.868 398.337 399.118 399.781 400.172 400.523 401.694 401.733 401.538 401.421 401.538 398.181 395.409
390.411 392.207 395.291 395.448 396.346 396.385 394.979 393.847 392.754 392.676 392.402 393.456 393.652 391.973 391.661 391.661 390.567 392.129 393.144 394.589 397.985 398.961 399.000 396.892 394.511 393.613 390.489 390.606 392.832 395.604 396.267 396.267 396.580 396.463 396.424 395.682 395.370 395.330 394.628 394.081 393.339 394.198 394.589 394.589 396.346 396.346 396.228 395.916 395.682 394.745 394.042 393.535 393.378 395.409 398.415 398.454 398.922 399.430 400.835 401.616 401.616 401.772 402.514 402.592 402.280 402.592 401.070
386.585 389.865 392.637 395.135 394.979 394.979 393.769 390.763 390.958 390.880 391.192 391.934 391.895 391.309 389.669 390.255 389.904 389.084 390.060 392.754 393.691 395.135 396.228 396.111 394.550 393.535 392.051 391.114 393.105 395.291 395.955 396.228 396.150 396.189 395.604 394.628 394.706 395.057 395.604 394.589 394.159 393.495 393.613 394.354 394.940 395.135 395.799 395.760 394.042 393.886 394.472 393.886 395.721 396.970 397.829 399.196 399.703 399.976 400.718 401.421 401.694 401.929 402.085 402.475 402.241 402.631 402.280
385.687 386.429 391.661 393.535 393.535 393.691 391.309 390.684 390.763 391.192 391.114 391.465 391.504 389.474 389.786 389.826 389.747 389.201 390.802 390.567 392.324 393.730 395.135 395.526 393.886 394.589 392.988 392.598 392.754 394.745 395.370 394.862 395.604 395.252 394.120 394.823 395.526 395.682 396.541 396.658 395.448 394.276 393.691 394.237 394.393 395.409 395.213 394.237 393.691 393.964 393.964 395.448 396.346 397.556 398.220 398.493 398.922 399.157 400.874 401.538 401.812 402.046 402.241 402.475 402.749 402.866 402.592
382.407 384.125 390.997 392.988 393.574 392.793 392.949 391.661 391.192 390.919 391.114 390.919 389.630 388.928 389.396 389.318 390.606 389.552 389.591 389.786 392.246 393.027 394.042 393.847 394.081 392.480 392.207 392.129 392.012 392.793 393.574 392.988 391.895 392.871 393.417 392.637 394.315 396.111 396.463 396.033 396.228 395.994 396.658 395.916 395.799 395.604 394.979 393.105 392.988 393.339 393.808 394.003 395.526 397.868 397.907 399.469 399.937 400.250 401.538 401.616 401.772 401.968 402.124 402.202 402.592 402.631 402.944
381.158 383.891 390.802 393.769 393.808 393.808 393.495 392.910 391.387 391.426 390.489 389.279 389.865 389.201 388.967 389.240 389.591 389.669 389.865 390.138 390.411 391.895 392.519 393.769 391.934 391.543 391.817 392.012 391.387 391.465 391.309 390.802 391.075 392.246 391.895 392.324 393.144 394.159 395.448 395.526 396.541 397.673 397.634 397.204 397.361 394.940 394.706 392.793 392.480 392.715 392.949 393.456 394.706 396.931 398.298 399.586 400.406 399.781 401.343 401.421 401.499 401.929 401.851 402.241 402.319 402.710 402.671
380.689 382.485 389.513 394.354 394.550 394.120 393.535 393.808 391.856 390.489 389.552 388.537 388.576 388.225 388.849 389.669 389.591 389.943 390.919 390.372 390.372 390.294 391.817 391.973 391.739 391.661 391.387 391.934 391.465 391.387 391.114 390.919 391.036 391.934 392.129 392.012 392.168 392.598 392.402 394.979 396.346 397.712 397.985 397.634 397.712 396.228 394.940 393.691 392.676 392.363 393.183 392.871 395.370 396.580 398.298 399.157 399.742 400.523 401.343 401.304 401.538 401.538 401.968 402.085 402.085 402.163 402.436
381.118 387.873 390.802 394.589 394.784 394.315 394.550 393.886 391.817 390.528 389.084 388.771 388.147 388.654 389.435 390.997 391.934 391.270 391.582 391.387 390.684 390.763 391.387 391.621 391.700 391.700 391.543 391.621 391.543 391.778 391.387 392.012 392.832 392.871 392.793 392.988 392.754 392.207 392.285 393.574 394.901 395.760 397.556 397.244 397.985 397.829 397.048 396.111 393.261 392.754 393.769 394.120 394.784 397.439 398.805 399.118 400.055 400.289 400.914 401.148 401.343 401.382 401.577 401.733 402.085 402.163 402.514
387.717 390.528 392.558 394.354 394.706 394.784 395.135 393.925 392.324 390.997 390.763 390.294 391.153 392.207 392.285 393.222 394.315 394.472 394.042 394.198 391.192 391.543 392.207 391.934 392.168 392.285 391.895 392.832 391.621 392.051 393.808 395.526 395.370 394.706 394.706 393.886 393.691 393.378 392.871 394.003 394.003 393.105 395.252 397.634 398.220 398.493 398.727 398.181 395.526 394.628 395.487 395.994 397.439 398.337 399.039 399.703 399.898 400.367 400.562 400.757 400.992 401.304 401.460 401.772 401.968 401.772 401.851
392.402 393.378 393.886 393.886 393.613 394.862 395.213 394.589 395.135 395.135 394.589 394.745 394.940 394.901 394.823 394.667 394.745 395.096 395.213 394.706 393.652 393.808 392.324 392.988 392.676 393.535 393.613 395.877 394.315 394.081 396.502 397.517 396.619 395.643 394.667 394.745 394.433 394.511 394.042 394.862 394.159 393.300 395.838 397.712 399.859 400.328 400.874 399.547 399.235 397.751 397.165 396.307 398.220 399.000 399.586 399.508 397.009 397.985 398.610 400.328 400.601 401.031 401.226 401.382 401.421 401.577 401.460
392.832 393.222 393.261 393.339 393.378 393.300 395.877 396.736 396.931 396.658 397.126 396.346 396.267 395.994 396.111 395.604 395.838 395.994 395.877 395.682 395.330 394.315 393.495 392.793 393.417 394.862 395.135 396.580 396.736 396.775 398.102 397.556 396.970 395.760 394.823 394.589 394.862 394.745 395.174 395.370 395.252 394.042 395.018 399.703 400.835 401.382 402.280 401.031 400.211 397.790 396.736 395.877 396.150 396.228 395.955 392.793 393.456 395.018 395.916 397.126 400.250 400.718 400.874 401.070 400.992 400.992 401.304
392.598 391.309 392.519 393.613 393.456 394.628 396.697 398.181 397.985 397.283 398.063 397.087 396.658 396.697 396.424 396.307 396.189 396.189 396.228 395.955 395.252 394.706 393.535 393.456 393.456 394.159 394.823 396.580 397.009 398.181 397.829 397.322 396.463 395.448 394.745 394.979 395.174 395.213 395.057 395.838 394.940 394.198 396.580 399.157 401.031 401.812 401.890 402.163 399.430 395.096 392.363 391.153 389.591 388.654 389.279 390.763 390.528 390.919 393.378 395.994 396.463 399.898 400.445 400.992 400.992 400.914 400.796
391.661 392.012 392.558 394.237 394.120 396.658 398.298 398.181 398.337 398.337 397.478 397.361 397.165 396.697 396.658 396.228 396.385 396.307 396.307 396.267 395.721 395.096 393.574 392.285 391.700 391.582 393.691 395.682 395.994 396.814 397.009 396.697 395.838 394.979 395.018 395.487 395.487 395.838 395.487 395.213 394.745 394.901 396.267 399.118 400.679 401.304 400.914 399.742 395.174 390.724 388.967 388.147 387.405 387.210 387.093 387.639 388.810 388.693 390.763 392.793 395.721 396.463 398.922 399.664 399.235 400.835 400.679
391.426 392.402 394.159 395.916 397.048 398.610 398.883 398.805 398.610 398.220 397.907 397.478 397.165 396.736 396.736 396.736 396.111 396.189 396.424 395.994 395.643 394.433 392.246 392.402 391.231 391.153 392.988 393.730 394.354 395.057 395.526 396.541 396.267 395.799 395.682 395.916 396.697 395.916 395.604 395.330 394.745 394.901 395.526 397.946 399.313 399.937 400.289 395.799 393.495 390.255 388.889 387.366 387.405 387.053 387.053 387.014 387.171 388.264 389.318 389.786 392.168 395.526 396.931 397.985 399.469 399.859 400.796
392.285 393.300 395.760 397.439 397.946 398.766 398.805 398.766 398.727 397.907 397.946 397.322 397.322 396.892 397.009 396.580 396.580 396.541 396.424 396.150 395.838 394.237 392.715 391.973 391.543 391.582 391.621 392.598 393.144 394.589 395.604 395.565 397.244 396.814 397.673 397.400 397.712 397.556 396.228 395.643 394.706 394.901 395.409 395.643 398.493 399.157 398.337 395.174 390.411 388.225 387.678 387.093 387.132 387.053 386.741 386.390 386.624 387.132 387.327 387.327 387.327 390.021 393.886 394.979 397.439 398.493 400.016
393.613 395.330 396.502 397.244 398.259 398.298 398.883 398.805 398.649 397.985 397.868 397.517 397.283 397.087 396.970 396.658 396.892 396.307 396.853 396.463 395.760 395.018 392.441 392.168 391.465 392.012 392.676 393.378 394.433 395.330 395.370 396.697 397.165 397.283 397.790 398.181 397.048 397.400 396.580 395.526 393.574 393.769 393.808 394.979 396.463 396.970 395.526 392.637 389.826 387.053 387.171 386.975 387.053 386.546 386.390 386.507 386.546 386.741 386.858 386.702 386.702 386.663 388.342 389.904 394.159 395.877 397.439
395.370 395.838 397.204 397.556 397.790 397.985 398.493 398.571 398.102 398.063 397.595 397.400 397.673 397.165 396.970 396.931 396.931 396.736 396.853 396.775 396.150 393.730 392.285 392.285 392.598 393.144 394.784 395.448 395.682 395.291 395.448 397.087 397.556 397.868 398.024 397.556 397.283 396.658 396.228 395.487 393.925 393.808 393.964 393.925 396.814 397.790 395.096 392.324 388.264 387.873 387.210 386.702 387.132 386.390 386.155 386.038 385.804 386.429 386.468 386.273 386.273 385.999 386.390 386.897 389.084 392.402 395.330
396.775 397.087 397.283 397.439 397.517 397.868 398.337 398.415 398.063 398.024 397.634 397.556 397.790 397.556 397.009 397.048 396.970 396.892 397.400 396.853 396.775 396.033 393.964 395.213 395.916 396.267 396.463 396.307 396.424 396.072 396.385 396.697 397.048 397.204 397.400 396.697 396.541 396.072 395.330 394.511 393.730 393.886 393.886 394.393 397.829 398.141 395.174 389.865 387.600 386.624 386.624 386.195 385.921 385.999 385.336 385.804 385.765 386.351 385.921 385.804 385.101 384.789 384.398 384.008 382.993 386.858 389.669
397.322 397.361 397.478 397.439 397.673 397.517 397.673 397.946 398.141 397.673 397.478 397.829 397.165 397.204 397.126 397.322 397.439 397.009 396.970 396.892 396.775 396.541 395.604 396.814 396.775 396.697 396.619 396.072 396.307 396.150 396.267 396.385 396.072 396.541 396.346 395.721 395.682 395.409 394.667 393.730 393.378 393.378 393.652 393.847 397.126 397.361 393.339 390.060 387.288 386.585 386.312 385.687 385.804 385.492 385.375 385.375 385.257 385.101 385.296 385.062 384.008 383.618 382.837 381.939 382.251 382.876 384.477
397.595 397.556 397.712 397.478 397.478 397.361 397.595 397.478 397.985 398.024 397.478 397.556 397.048 397.322 397.361 396.814 397.595 397.087 396.892 397.087 396.931 396.658 396.619 396.697 396.541 396.970 396.385 396.346 396.189 396.346 396.814 396.346 396.541 395.291 395.799 395.252 394.511 395.135 394.472 394.120 393.808 393.339 392.910 393.105 395.057 397.009 392.246 389.552 387.132 385.960 385.882 385.804 384.867 384.281 384.594 384.906 384.945 384.672 384.555 384.086 383.344 383.071 382.407 382.095 382.212 382.446 382.563
397.595 397.634 397.400 397.126 397.244 397.244 397.244 397.322 397.165 397.673 396.775 396.775 396.853 396.775 397.087 397.087 397.868 397.946 397.478 396.853 396.853 396.658 396.385 396.385 396.189 396.111 395.330 395.487 395.916 396.189 396.150 396.228 395.487 394.628 394.472 394.433 394.472 394.667 394.315 393.730 393.691 393.300 393.144 393.066 394.979 392.480 391.153 388.537 385.726 384.672 383.969 384.008 383.383 383.735 383.344 383.500 384.125 384.398 383.618 383.735 382.563 382.329 382.017 382.251 382.251 382.368 382.758
397.204 397.556 397.244 397.009 397.048 397.204 397.204 397.283 397.439 396.385 396.775 396.189 396.697 396.307 397.244 397.673 397.751 397.712 397.556 397.126 396.658 396.541 396.072 395.994 394.979 395.174 395.370 395.018 394.901 395.213 395.955 394.315 394.550 393.535 393.925 394.198 393.691 393.613 393.730 393.261 392.676 392.754 392.246 392.168 392.910 391.856 390.724 387.288 385.023 385.648 383.618 383.852 383.461 383.657 383.539 383.578 382.837 384.086 383.110 382.173 381.509 381.782 382.134 382.212 382.329 382.446 382.641
396.814 396.892 396.736 396.814 396.892 397.126 397.204 397.204 397.165 396.189 396.346 395.760 396.033 396.697 397.009 397.165 397.751 397.361 397.322 397.204 396.814 396.658 396.463 396.346 395.330 394.940 395.018 394.550 394.159 394.120 394.237 394.198 393.183 393.691 392.988 392.871 392.871 393.027 393.300 392.871 392.012 392.519 391.426 391.582 391.543 391.075 388.030 386.234 385.179 384.008 383.813 383.657 383.422 383.188 383.149 382.680 382.798 381.899 381.470 381.665 381.314 381.821 381.939 382.212 382.329 382.563 382.680
396.346 396.541 396.541 396.541 397.165 397.400 397.400 396.892 396.541 396.307 396.307 395.838 396.424 397.087 397.400 397.790 397.634 397.907 397.361 397.126 396.892 396.697 396.619 396.541 396.346 395.526 395.096 394.433 394.081 394.081 393.808 393.456 393.027 392.715 392.598 392.871 392.715 392.832 392.988 392.871 392.441 392.207 392.090 391.114 391.621 391.114 388.576 387.288 384.750 384.594 384.359 383.696 383.266 382.876 382.446 382.134 381.626 381.236 381.275 381.197 381.314 381.470 381.899 381.899 382.173 382.212 384.828
