Results_IR_10823toIR_10824/Ir_10823shifted.txt
NCOLS 640
NROWS 480
XLLCORNER 0
YLLCORNER 0
CELLSIZE 1
NODATA_VALUE -9999
[rows 290 to 318 of 480, columns 268 to 334 of 640]
402.514 402.163 402.905 403.334 403.764 404.232 404.506 404.701 404.623 404.935 405.208 404.740 404.779 404.662 402.124 403.295 402.749 401.655 401.148 400.250 399.469 399.664 400.328 400.757 402.631 403.412 402.514 401.616 398.454 392.715 392.598 393.144 394.315 394.433 398.454 401.460 402.983 403.608 401.304 399.430 398.766 398.532 398.649 398.961 398.844 398.844 398.220 397.868 397.439 397.361 397.751 397.712 397.556 397.517 397.439 397.087 396.970 397.478 396.736 396.580 397.595 397.244 395.799 395.409 395.252 395.174 393.808
402.631 402.397 402.397 403.959 403.998 403.881 404.388 404.623 404.896 405.130 405.208 405.443 405.247 404.818 404.584 404.545 404.506 404.740 402.788 401.187 400.445 400.016 400.133 400.914 403.178 403.178 401.968 400.953 392.676 392.051 389.435 391.778 392.832 394.120 395.409 396.111 400.601 402.007 401.265 398.883 398.337 398.141 398.337 398.376 398.337 398.298 398.063 397.673 397.361 397.556 397.634 397.439 396.853 397.361 396.541 397.165 397.048 396.814 396.619 396.853 396.853 396.502 395.565 394.901 394.745 393.183 394.276
402.749 402.163 402.631 403.959 404.154 404.037 404.271 404.935 405.287 405.326 405.443 405.169 405.326 404.818 404.974 404.506 404.701 404.974 404.701 403.022 400.953 400.445 399.937 400.601 401.616 401.733 401.109 396.502 391.856 389.669 390.489 392.598 393.027 393.222 393.613 395.213 397.907 398.571 398.610 398.259 397.829 397.946 397.712 397.673 398.376 397.868 397.985 398.063 397.712 397.751 398.649 397.712 396.970 396.970 395.487 396.619 397.322 396.033 396.150 396.463 396.189 396.033 395.213 395.409 395.330 394.589 396.307
402.085 401.929 402.671 403.725 402.749 404.193 404.115 404.506 404.818 404.974 404.662 404.935 404.857 404.584 404.584 404.232 404.623 404.857 405.052 403.686 401.772 401.968 399.898 399.664 401.148 400.133 398.532 393.574 391.387 390.177 391.192 392.090 393.222 393.183 394.276 394.667 396.619 397.322 397.361 397.283 397.478 397.048 396.541 396.697 398.220 398.220 398.610 399.235 399.079 398.610 399.781 399.157 397.204 395.682 395.487 395.877 395.955 394.159 393.691 394.472 394.979 395.487 395.487 396.892 399.079 399.235 400.992
401.460 401.265 401.929 402.553 402.983 403.608 403.451 403.490 403.959 403.998 403.803 404.467 404.232 404.115 403.920 403.803 404.037 404.154 404.115 403.725 402.241 402.514 401.304 400.562 399.898 398.844 397.361 392.129 389.904 388.732 390.333 390.763 392.168 393.222 393.730 394.003 394.081 395.448 396.931 396.033 396.736 397.439 397.322 397.946 398.493 398.961 399.391 399.313 400.016 399.898 400.055 399.430 397.985 396.228 395.252 394.979 393.535 391.817 391.856 393.222 394.901 396.424 396.502 401.655 401.499 402.007 402.202
401.460 401.265 401.226 401.070 401.694 402.085 403.373 403.529 403.334 403.412 403.959 404.310 404.076 403.608 403.608 403.569 403.334 403.529 403.647 403.803 402.358 402.085 402.124 401.148 399.547 398.220 393.808 389.396 388.381 387.912 388.967 389.552 391.582 392.988 393.613 393.222 394.472 394.940 396.541 396.775 398.102 398.922 398.337 398.259 398.454 399.352 399.742 400.055 400.718 400.250 400.445 400.562 398.454 394.901 394.862 394.628 393.652 391.973 394.628 395.213 397.400 399.547 401.304 402.046 402.046 402.124 402.358
400.523 400.757 400.835 400.757 400.874 401.226 401.890 402.163 401.694 402.631 403.217 403.412 403.529 402.905 403.217 402.163 402.983 402.983 402.905 403.022 402.319 402.202 402.280 401.499 399.625 397.946 392.715 388.498 385.570 385.648 385.882 387.834 391.231 392.949 393.183 393.222 394.940 396.970 397.283 398.454 398.727 399.313 398.727 398.493 398.805 399.820 399.820 400.445 400.640 400.289 400.211 397.087 395.604 395.526 397.165 397.517 396.267 397.009 398.024 399.352 400.953 401.851 402.241 402.163 401.655 401.460 401.968
400.640 400.796 400.367 400.406 399.508 399.508 400.640 401.772 401.343 401.109 402.046 401.929 402.592 402.827 402.319 402.241 401.148 400.016 400.757 402.046 401.655 401.577 401.499 401.304 399.625 397.751 392.715 389.084 385.765 385.375 385.375 386.312 391.075 392.558 393.495 393.300 396.775 397.439 398.805 398.805 399.079 399.976 399.196 398.571 398.883 398.766 400.133 399.937 400.484 399.976 398.766 395.565 396.033 398.181 399.274 400.016 401.694 402.085 401.890 402.046 401.968 402.475 402.007 401.929 400.953 399.235 398.727
400.094 399.664 396.346 395.174 394.901 395.213 398.220 399.508 399.469 399.586 400.484 401.421 400.289 400.601 400.914 400.953 399.196 398.532 399.586 401.460 401.460 401.226 401.304 400.835 399.508 397.283 393.613 390.372 388.537 385.062 385.296 387.288 391.309 393.300 393.652 394.667 398.024 398.883 398.844 399.039 399.547 399.937 399.820 398.532 398.649 399.391 400.211 399.937 400.094 399.352 400.133 400.055 399.820 400.679 401.460 402.749 402.749 402.905 402.358 402.710 402.202 401.968 402.046 401.187 398.571 398.024 397.439
399.508 397.556 394.940 394.940 394.628 395.135 396.385 398.883 399.274 398.493 398.883 398.649 396.502 395.448 397.283 397.283 396.150 396.775 398.883 399.079 400.874 401.499 400.992 400.406 399.547 397.790 395.096 393.691 390.177 388.030 387.717 389.865 391.231 394.003 394.237 397.907 398.727 399.430 399.859 399.235 399.469 399.547 399.157 399.039 399.781 400.523 400.406 400.445 400.289 400.484 400.874 400.914 401.772 402.124 401.187 401.812 402.671 402.592 402.631 402.319 401.890 401.812 401.343 401.187 399.586 398.493 397.322
399.898 397.595 395.448 394.979 394.550 394.784 395.838 396.267 396.853 398.571 397.907 396.541 395.018 394.940 395.448 394.901 395.174 395.370 398.727 398.727 400.562 400.757 400.757 400.016 400.016 399.313 396.775 397.283 394.433 393.925 394.003 394.550 394.550 397.283 398.220 398.571 399.547 399.976 400.406 400.016 399.859 399.937 399.703 400.835 401.577 401.343 401.304 400.796 400.679 401.031 401.070 401.070 401.421 401.343 401.851 401.812 401.851 401.733 401.733 400.718 401.577 401.070 401.382 401.499 400.992 398.961 397.439
396.775 396.385 395.135 395.330 394.393 394.784 395.291 396.658 396.267 397.165 396.697 396.150 395.877 394.784 394.511 393.495 392.441 394.003 397.985 399.742 400.562 400.367 400.874 399.781 399.898 399.000 398.805 399.937 398.610 399.157 399.430 399.118 399.547 399.703 399.742 399.664 399.859 400.211 400.250 400.133 400.211 400.718 401.812 402.592 402.749 402.163 401.460 401.460 401.382 401.694 400.914 400.016 400.914 400.289 400.289 399.118 398.610 399.742 399.391 400.211 400.055 399.976 400.874 401.851 401.851 400.484 398.102
395.682 395.096 393.730 393.769 393.730 394.393 396.931 397.048 397.087 396.541 397.048 395.994 396.424 395.721 395.604 392.832 391.114 394.393 397.751 399.157 400.172 400.328 400.328 399.391 399.625 399.352 399.742 400.133 400.250 400.211 399.820 400.094 400.601 400.484 400.133 399.898 400.250 399.898 400.562 400.133 400.874 402.319 402.788 402.710 402.866 402.671 402.085 402.280 401.616 401.070 400.445 400.094 400.328 399.703 399.157 397.985 397.439 397.165 397.751 398.376 398.805 399.157 400.835 401.460 403.256 402.436 400.523
395.018 392.754 392.988 393.144 393.339 395.174 396.775 397.478 397.595 396.775 396.033 395.604 396.307 397.322 397.126 393.613 393.222 395.330 398.024 398.454 399.469 399.547 399.781 399.118 399.859 399.547 399.937 400.328 399.937 400.484 400.953 401.109 400.289 400.835 399.937 399.664 400.094 399.859 400.484 400.406 401.538 402.905 403.217 403.451 403.022 402.631 402.631 402.358 402.319 401.109 399.547 400.211 400.367 399.742 399.000 398.337 397.322 396.736 397.204 397.204 398.220 398.220 398.727 401.890 403.061 404.428 403.373
396.424 394.237 392.754 393.261 393.066 394.198 397.165 397.400 397.244 397.048 396.307 396.736 398.337 398.649 398.141 396.033 396.619 396.658 397.048 397.907 397.829 398.220 398.883 400.289 400.601 401.421 400.914 401.070 401.655 401.851 400.992 400.796 400.835 401.772 400.835 401.226 400.250 400.289 400.523 401.226 402.827 403.178 403.217 403.022 402.827 402.827 402.671 402.358 402.358 401.031 400.055 400.133 400.016 400.016 399.742 398.766 398.259 397.907 397.595 397.868 397.322 397.556 397.439 400.718 402.280 404.076 404.701
397.087 394.315 393.417 393.261 394.315 397.829 398.259 398.727 397.985 397.673 398.220 398.415 398.766 398.610 397.790 397.126 397.712 397.009 397.087 397.048 396.892 397.283 399.274 400.289 402.788 401.929 403.061 402.788 402.436 402.280 401.890 402.124 402.319 402.475 402.319 401.187 401.148 401.304 401.070 402.007 402.944 403.022 403.295 403.451 403.373 402.788 402.358 402.124 401.929 400.445 399.781 399.703 399.898 399.781 399.820 399.352 398.649 398.337 398.181 397.829 397.048 396.970 397.283 398.532 400.172 402.944 404.896
394.745 393.613 393.300 393.339 397.868 400.757 401.499 401.226 399.664 399.313 399.547 398.727 398.961 398.454 398.220 398.102 398.337 397.439 397.790 396.541 396.697 397.087 400.133 401.499 402.397 402.944 403.217 402.788 402.827 402.475 402.280 402.241 402.397 402.514 402.436 402.436 402.553 402.319 402.397 402.280 403.334 403.139 403.139 403.490 403.295 403.061 402.241 401.109 400.796 400.094 399.508 399.586 399.820 399.937 399.586 399.157 398.922 398.376 398.610 398.532 397.322 397.439 397.322 397.204 399.000 402.436 403.061
396.424 394.979 393.652 395.018 399.430 401.812 402.592 402.163 400.874 399.274 399.079 398.844 398.649 398.805 399.625 400.757 400.874 398.766 398.102 397.556 397.673 398.766 399.625 401.538 402.319 403.178 403.256 402.319 401.929 401.890 402.085 402.514 402.319 402.319 402.280 402.007 402.241 402.280 402.241 403.022 403.022 403.412 403.451 403.412 402.944 402.749 401.304 399.859 400.250 400.055 399.352 399.586 399.664 399.586 399.039 398.766 398.766 398.766 398.454 398.883 398.181 396.814 396.658 396.970 396.892 399.157 400.914
397.907 398.102 397.361 398.883 399.625 402.358 402.553 402.319 402.046 399.508 399.118 399.079 399.430 400.601 400.914 401.070 401.304 399.781 399.079 398.376 398.181 397.829 399.898 400.796 401.694 402.241 402.124 401.616 401.304 401.577 401.929 401.577 402.007 402.202 402.280 402.280 402.397 402.397 402.866 403.217 403.412 403.373 403.373 403.334 403.139 402.319 401.577 400.055 400.328 400.094 399.586 399.742 400.016 398.961 398.727 398.688 398.805 399.235 399.196 399.898 399.196 398.024 396.463 396.228 396.424 396.463 398.922
399.235 399.118 398.610 398.337 398.727 401.187 402.280 402.241 401.148 400.484 400.679 400.679 400.914 401.031 400.874 401.109 400.835 398.922 399.157 398.766 398.961 399.508 400.094 400.874 401.733 401.968 401.499 401.304 400.874 400.992 401.148 402.631 402.592 402.124 402.163 402.436 402.124 402.319 402.788 403.100 403.490 403.451 403.256 403.139 403.022 402.514 401.812 401.148 400.562 400.562 400.094 400.601 399.859 397.673 396.931 398.141 399.625 400.289 400.328 400.094 400.133 399.508 397.829 396.385 396.228 395.994 398.063
400.953 400.601 399.313 398.376 398.649 399.157 400.094 400.289 400.445 400.172 400.757 400.835 400.757 400.718 400.757 400.835 399.000 398.571 398.571 399.430 399.274 399.820 400.523 400.796 401.577 401.382 401.343 401.226 400.874 400.835 400.679 400.953 401.109 401.031 400.992 401.772 402.280 401.929 403.139 403.529 403.529 403.490 403.217 403.022 402.671 402.436 401.655 401.382 402.397 401.929 401.304 401.538 400.640 398.805 395.721 395.682 398.571 399.508 400.055 400.640 401.655 400.835 398.961 398.610 396.580 396.307 396.072
401.421 400.835 399.859 396.736 395.526 395.838 397.790 398.063 398.961 398.610 399.352 398.883 399.079 398.102 397.087 397.322 397.946 397.595 399.547 400.094 400.367 400.328 400.601 400.757 400.718 401.031 400.992 400.523 400.289 400.367 400.406 400.601 400.367 400.523 400.796 401.851 401.772 402.592 403.412 403.373 403.647 403.412 403.217 402.710 402.553 402.514 402.397 402.592 402.514 402.631 402.397 401.929 401.421 399.391 395.604 395.721 397.204 399.391 400.445 400.992 401.304 401.148 400.914 399.352 398.376 396.424 396.307
401.382 400.796 399.820 395.682 395.252 395.487 396.385 397.204 396.697 395.409 393.222 392.910 391.661 391.621 391.739 391.934 394.784 396.307 399.742 399.898 400.289 400.367 400.484 400.484 400.406 400.445 400.094 400.289 400.250 399.742 400.133 399.976 399.664 400.055 400.016 400.484 401.929 402.749 403.217 403.295 403.647 403.412 403.178 403.022 402.827 402.319 402.905 403.022 402.749 402.514 402.319 401.890 401.968 399.508 397.478 397.283 397.946 399.898 400.640 400.992 400.757 401.421 401.148 401.304 400.328 397.009 399.196
399.079 399.313 397.087 395.526 394.589 395.135 396.111 395.838 394.979 390.528 389.708 389.865 390.450 390.060 390.411 390.919 392.051 396.814 399.586 400.406 400.562 400.328 400.328 400.445 400.289 400.172 400.250 400.055 399.781 399.625 399.664 399.547 399.937 399.508 399.937 400.601 401.655 402.671 403.217 403.373 403.412 403.412 402.866 402.280 402.280 402.944 402.710 402.905 403.061 402.905 402.124 402.124 401.968 399.859 398.961 398.181 398.415 400.406 400.874 400.328 400.757 401.265 400.914 401.577 401.265 398.649 399.625
398.844 397.634 397.478 395.565 395.370 395.760 395.994 396.541 393.808 391.036 390.138 390.489 390.802 391.387 391.973 391.817 392.480 396.267 399.586 400.367 400.523 400.367 400.328 400.133 400.250 400.250 400.016 400.055 399.859 399.664 399.742 399.274 399.352 399.820 399.781 400.484 402.124 401.890 402.436 402.710 400.718 400.640 400.211 401.226 401.421 402.358 402.710 403.061 403.139 403.139 403.100 402.710 402.436 402.046 402.046 401.421 401.070 401.733 401.187 400.328 400.055 399.625 400.523 401.343 401.226 397.595 398.493
397.478 397.946 396.619 396.189 396.307 397.907 397.673 399.079 396.228 395.487 394.433 392.988 393.066 392.832 391.661 392.129 393.300 395.604 399.859 400.211 400.445 400.289 400.211 400.211 400.133 399.976 400.016 399.898 399.820 399.898 399.586 398.610 398.922 398.727 399.508 400.367 400.445 400.328 400.757 398.415 398.220 397.048 397.283 399.742 400.874 401.148 401.772 402.983 403.529 403.529 404.115 404.037 403.686 403.647 403.373 403.100 403.647 403.451 402.827 401.265 399.664 399.235 397.829 398.220 396.970 394.042 395.526
397.712 396.970 397.751 397.712 398.220 398.181 399.235 399.937 399.391 397.829 395.370 394.511 393.261 392.715 392.129 392.168 392.558 394.472 397.790 399.859 400.250 400.016 399.820 399.820 400.055 399.859 400.016 399.781 399.625 399.586 398.649 398.376 398.063 397.790 398.454 398.415 398.961 398.376 399.157 398.259 397.673 396.931 397.126 398.415 399.781 400.835 401.694 403.529 404.115 404.115 404.076 404.037 404.232 404.115 403.959 403.803 404.037 403.920 403.686 401.968 400.094 395.213 394.120 393.613 392.051 391.739 392.285
396.346 397.009 397.595 397.595 398.181 399.079 399.625 400.211 400.406 398.063 395.682 394.081 392.910 392.480 392.441 393.144 394.003 394.979 396.111 399.000 399.313 399.625 399.937 399.547 400.055 399.859 399.586 399.820 399.235 399.000 398.220 397.556 397.400 397.361 397.478 397.985 397.751 398.298 400.640 400.367 398.883 397.595 397.478 398.415 398.961 400.211 401.851 403.920 404.154 404.271 404.232 404.037 404.506 404.076 404.428 404.271 404.271 404.037 403.608 402.905 399.703 396.892 394.706 393.300 390.333 389.240 390.958
394.901 396.541 396.814 397.048 398.259 398.454 398.844 399.976 399.781 397.048 395.018 393.730 393.027 393.027 393.339 393.691 394.862 395.409 395.877 397.517 399.274 399.898 399.898 400.328 399.859 399.664 399.898 399.664 399.235 398.649 398.376 397.829 397.126 397.126 397.244 397.322 397.673 399.625 401.929 403.061 402.905 400.523 400.016 399.352 398.961 398.727 400.757 403.217 404.076 404.037 404.115 403.803 404.115 404.310 404.467 404.349 404.388 404.076 403.608 402.866 400.172 399.859 394.979 393.261 390.802 389.630 389.240
