Results_IR_10823toIR_10824/Ir_10824shifted.txt
NCOLS 640
NROWS 480
XLLCORNER 0
YLLCORNER 0
CELLSIZE 1
NODATA_VALUE -9999
[rows 232 to 260 of 480, columns 402 to 468 of 640]
393.159 394.178 394.355 393.184 393.627 392.148 390.854 390.101 389.738 390.700 389.721 388.412 388.782 391.349 391.695 391.705 391.596 390.957 391.460 391.548 391.740 392.077 391.640 391.815 392.307 392.434 392.623 393.614 394.397 394.992 394.903 395.198 395.095 393.927 392.451 392.290 392.284 392.662 392.221 392.272 391.559 391.122 391.140 391.668 391.891 392.201 391.506 392.117 391.322 391.275 390.221 389.654 389.960 389.183 390.276 390.616 389.687 389.311 389.070 389.018 388.750 389.001 387.502 387.931 388.019 387.971 390.159
395.154 395.482 394.929 393.215 392.784 392.922 391.913 391.915 391.641 391.737 391.552 391.213 391.313 392.298 392.180 392.247 392.631 392.645 392.720 392.346 392.558 391.888 392.012 392.280 392.211 392.093 391.903 393.095 393.327 394.243 394.685 394.628 394.580 394.047 392.531 392.367 392.139 392.539 392.065 391.185 390.624 390.496 389.965 390.257 392.146 392.597 393.175 393.118 393.791 391.746 391.079 390.262 388.941 388.594 388.315 388.610 388.208 387.438 386.831 386.093 385.650 385.445 384.236 383.481 383.159 385.651 387.881
396.500 396.072 395.904 394.660 394.657 394.770 394.282 394.094 392.680 391.958 391.755 392.197 392.134 393.001 392.881 392.651 393.394 393.492 393.576 393.313 393.266 392.888 392.575 392.674 392.300 392.063 392.127 392.199 392.696 393.906 393.991 394.366 393.591 392.664 392.484 392.364 392.361 391.946 391.815 391.442 390.634 390.830 390.461 391.511 392.379 393.841 394.266 394.238 394.386 393.385 393.460 392.258 389.875 389.384 388.700 389.155 389.055 388.179 386.113 385.207 384.385 384.017 383.370 382.969 383.101 382.696 384.035
398.946 398.516 398.123 397.735 397.791 397.789 397.148 394.926 392.335 392.134 392.806 392.720 392.341 393.305 393.376 393.306 393.641 393.430 394.137 393.746 393.618 393.314 393.263 392.887 392.537 392.524 392.146 391.678 392.478 392.087 392.858 392.786 392.583 392.371 392.366 392.060 392.095 391.758 391.259 391.726 390.692 390.490 390.270 391.799 392.828 394.136 394.526 394.127 394.111 394.535 394.166 393.316 390.894 390.767 391.064 390.213 389.730 388.547 386.734 385.164 384.312 383.758 383.778 383.256 382.704 382.912 383.480
399.572 399.433 398.936 398.805 398.096 397.665 397.080 393.907 392.708 392.224 392.475 392.896 392.753 393.172 393.222 393.640 393.767 393.958 394.381 393.978 393.815 393.654 393.311 393.264 393.187 392.958 392.612 391.929 391.103 390.285 390.219 391.639 390.384 392.408 392.666 391.967 392.777 392.571 392.418 392.151 391.830 390.015 391.041 391.309 391.802 392.200 393.253 393.365 393.180 394.407 393.591 392.061 392.000 391.134 390.999 390.880 390.353 389.504 387.899 386.373 384.754 384.398 384.377 384.405 383.271 383.452 383.309
399.150 399.225 398.627 398.370 395.017 395.341 394.293 393.096 392.236 392.394 392.851 392.948 392.129 393.450 393.347 393.869 393.997 394.008 394.499 394.024 394.003 393.331 393.267 393.411 393.344 393.152 392.969 393.142 391.257 390.626 390.418 390.375 391.025 392.172 392.287 392.894 394.007 393.111 393.488 393.545 392.193 391.247 391.371 392.118 391.992 392.802 392.078 392.278 392.246 392.057 392.382 391.866 390.761 390.195 390.776 390.535 390.598 389.739 389.073 387.548 387.706 387.375 386.141 385.165 383.859 383.250 383.226
397.638 394.572 394.227 392.944 391.263 389.937 392.151 392.113 392.271 392.172 392.394 393.083 393.256 393.487 393.647 393.916 393.813 394.487 395.037 394.491 394.025 394.162 393.709 393.320 393.525 393.281 394.399 393.566 391.387 390.712 390.426 390.581 392.123 392.512 392.717 393.363 394.211 394.501 394.137 394.727 394.036 393.825 394.270 393.647 393.426 392.629 392.265 392.326 392.105 391.983 391.482 391.126 390.771 390.234 390.216 390.290 389.954 389.867 389.712 389.019 387.373 387.089 384.492 384.404 384.209 383.599 383.131
392.479 390.341 388.323 387.962 388.739 388.919 390.171 390.029 391.340 392.179 392.360 393.195 393.225 393.373 393.641 393.877 393.998 394.377 394.768 394.486 394.743 394.977 394.053 394.010 393.301 394.360 394.863 393.749 391.953 391.480 391.063 392.474 392.857 392.910 393.588 393.992 394.421 394.471 394.585 395.004 394.911 394.947 395.208 394.960 393.672 393.128 392.998 392.804 392.871 392.601 391.504 391.164 390.476 390.305 390.188 390.178 389.951 389.864 389.539 388.030 386.480 385.974 385.129 384.956 384.130 383.608 383.774
389.259 388.063 387.648 388.013 388.191 388.568 389.902 390.209 391.079 392.045 392.573 393.304 393.558 393.372 393.408 393.700 393.824 393.947 394.396 394.954 395.436 395.563 395.902 394.750 394.935 394.748 392.660 391.843 391.822 391.556 392.411 392.743 392.567 393.095 393.386 394.221 394.659 394.596 394.557 395.003 395.520 395.798 395.616 396.059 395.360 393.831 393.621 393.349 393.187 392.054 391.714 391.285 390.746 390.879 390.956 390.280 389.986 389.527 387.166 386.900 386.479 385.793 385.092 385.598 385.804 384.914 384.471
387.725 387.563 387.257 387.660 389.215 389.048 390.288 390.394 390.507 390.667 391.728 392.138 392.677 392.017 392.563 391.638 391.797 392.590 392.213 394.167 395.818 395.762 395.649 395.232 395.212 394.365 391.897 391.927 392.379 391.988 392.277 392.664 392.832 393.898 395.136 395.441 395.260 395.069 395.172 395.032 396.682 396.625 396.247 396.307 395.901 394.979 393.927 393.406 393.079 392.504 392.106 391.418 391.240 391.309 391.010 390.547 389.542 389.346 386.637 386.548 386.182 386.274 385.795 386.383 386.509 386.585 386.502
387.474 387.218 387.015 387.235 388.041 388.633 389.959 388.921 388.739 389.410 390.258 390.363 390.592 390.188 390.923 390.053 390.432 390.525 391.348 393.712 395.233 395.545 395.864 395.683 395.069 392.517 391.609 391.580 391.581 392.108 392.504 392.785 393.399 394.809 395.355 395.671 395.423 395.636 395.345 395.969 396.928 396.890 396.814 396.664 396.875 395.831 394.592 394.545 393.349 392.924 392.457 392.226 391.688 391.597 391.295 390.930 389.071 387.730 386.638 386.797 387.594 386.871 387.181 387.821 387.159 386.809 385.692
387.578 387.297 386.459 386.580 387.897 388.365 388.232 388.417 388.948 389.198 389.392 389.698 389.934 389.867 389.939 390.204 389.950 390.430 390.185 391.936 394.145 394.395 395.599 395.148 394.128 391.546 391.463 391.350 391.425 391.730 392.274 392.933 393.630 394.231 395.598 395.644 395.946 395.764 395.761 395.654 395.912 396.445 396.540 396.725 395.939 395.425 394.806 394.070 394.157 393.112 392.550 393.393 392.709 392.834 392.779 390.843 389.396 388.601 388.389 389.176 389.685 389.630 389.439 388.668 387.594 384.611 382.321
388.290 387.280 386.679 386.549 386.889 388.134 388.480 388.784 388.849 389.677 389.637 389.672 389.857 389.901 389.867 389.901 389.825 390.014 390.090 390.240 392.133 395.026 395.218 394.725 391.567 390.976 391.182 391.117 391.528 391.850 392.956 393.575 393.820 395.556 395.682 395.720 396.060 395.520 395.835 396.448 396.395 396.506 396.689 396.242 395.586 395.450 394.995 394.490 394.361 394.204 393.850 393.808 393.602 393.586 391.240 388.408 388.536 388.476 388.563 389.392 388.965 389.281 389.165 387.452 383.371 380.143 377.864
387.301 386.939 386.311 386.454 387.247 387.069 387.657 387.041 388.889 389.306 390.069 390.023 389.684 389.781 389.973 389.752 389.509 389.925 389.451 389.246 391.002 393.624 392.022 390.954 390.993 391.182 390.966 391.187 391.433 392.273 393.491 395.708 395.940 396.648 395.957 395.815 395.996 396.974 396.711 397.080 397.200 397.354 396.567 396.086 395.543 395.298 395.099 394.682 394.629 394.319 392.924 389.735 391.682 390.813 387.973 385.615 385.160 385.899 387.452 387.731 387.213 386.633 385.069 382.393 380.078 377.527 376.879
386.608 386.000 384.129 385.469 385.779 383.901 383.554 383.517 387.331 389.279 389.578 390.001 390.019 389.638 389.697 389.419 388.291 389.575 389.343 389.190 389.641 391.566 391.200 391.001 390.847 390.813 391.042 391.523 392.974 393.973 397.159 397.977 398.975 398.187 397.711 397.078 396.864 396.749 397.159 397.662 397.190 397.211 396.573 395.907 395.536 395.225 394.683 394.778 394.661 393.578 389.600 385.619 385.028 384.675 384.391 382.398 381.824 382.178 381.556 381.869 381.652 381.564 380.400 379.828 377.746 377.037 376.678
381.768 380.017 378.050 379.891 380.026 378.358 379.919 381.098 384.909 387.512 388.951 389.345 389.801 389.068 388.744 386.790 387.136 388.432 386.936 387.559 388.310 388.540 390.462 390.809 391.064 391.896 392.501 395.039 396.586 398.173 399.429 399.659 399.779 399.971 400.052 398.103 397.387 397.662 397.898 398.208 398.031 398.025 397.685 396.729 395.392 395.370 394.544 394.589 393.677 390.312 388.752 385.398 383.933 383.804 382.755 382.534 380.428 379.963 380.171 379.875 379.492 378.951 378.779 377.834 377.087 376.757 376.709
381.187 377.690 377.034 376.786 376.370 377.677 378.627 378.842 382.208 382.999 383.929 385.192 384.823 384.819 384.827 385.054 385.061 386.031 385.506 385.675 387.486 389.436 390.319 392.496 394.756 394.875 396.638 397.977 398.327 398.749 399.480 399.769 399.930 400.011 400.053 399.344 397.924 397.603 397.706 398.051 398.025 398.096 397.764 396.735 397.185 395.546 395.111 394.895 393.055 388.661 385.802 384.352 383.519 382.595 382.754 382.877 382.428 380.342 379.889 379.424 379.590 379.147 378.603 378.129 377.617 376.964 376.905
382.165 379.056 376.840 376.277 376.592 377.687 378.507 378.306 377.493 377.914 378.884 382.592 382.824 383.920 384.761 384.973 384.981 384.683 384.979 385.097 385.997 387.978 391.629 393.536 395.495 396.316 396.719 397.601 398.420 398.376 399.124 399.381 399.720 399.855 399.968 400.049 398.845 397.533 397.481 397.929 397.942 397.716 397.896 397.146 396.896 395.876 395.306 393.539 389.608 386.312 384.224 382.879 382.646 382.724 382.927 383.382 383.016 381.652 380.658 380.317 379.624 379.628 379.138 378.335 377.289 377.220 377.181
385.984 381.949 379.378 378.674 378.188 378.003 377.723 377.377 375.417 375.268 377.222 378.303 381.755 382.671 384.671 384.450 384.665 384.788 385.505 385.076 384.874 385.468 388.799 391.786 394.816 395.910 396.293 397.248 397.662 398.117 398.363 399.122 398.619 399.758 399.431 399.758 398.798 398.728 397.777 397.716 397.522 397.361 397.354 396.566 396.535 396.265 394.899 388.081 385.893 383.342 383.406 382.774 382.508 383.477 384.873 384.881 384.168 383.678 382.273 381.194 380.182 379.084 378.594 378.464 377.524 377.800 377.794
387.363 385.590 384.710 382.209 380.495 378.381 377.032 376.982 376.677 375.807 376.907 377.469 378.782 380.493 383.417 384.723 384.753 385.094 385.328 384.959 384.984 385.103 387.107 390.531 392.309 394.671 396.062 396.975 397.869 397.154 397.875 398.122 397.682 397.395 398.207 398.458 398.667 398.636 397.210 397.986 397.377 396.904 396.655 396.418 395.880 394.998 390.080 385.817 384.167 382.465 382.254 382.137 383.933 384.524 386.232 386.255 386.104 384.363 383.765 381.441 380.830 378.997 378.441 378.204 378.112 379.008 381.199
386.564 385.790 385.802 385.356 383.091 378.954 378.015 377.335 376.679 376.852 377.488 377.490 379.879 382.233 384.826 386.163 385.116 385.489 385.355 385.056 385.135 385.749 387.570 390.438 392.473 395.101 395.563 396.519 396.963 397.348 397.132 396.932 397.067 396.024 395.796 395.632 397.162 397.106 396.771 396.959 396.844 396.530 395.505 394.980 394.322 390.022 387.137 384.900 383.201 382.651 382.035 382.059 386.406 387.232 387.935 388.330 388.313 386.774 385.101 382.594 381.509 379.400 378.456 378.924 381.844 385.950 389.008
385.520 385.719 385.690 385.912 385.323 383.237 381.455 379.567 379.808 380.569 379.918 381.765 381.239 384.244 385.336 387.227 386.885 386.653 386.834 387.370 388.934 390.181 390.745 390.996 394.411 396.526 396.716 397.629 397.711 397.337 396.865 396.317 395.474 395.436 394.835 393.990 394.110 394.562 395.175 396.394 395.502 394.309 393.819 393.363 388.888 387.253 386.192 384.872 382.953 381.989 381.805 382.568 387.098 387.894 388.568 388.488 389.227 388.801 387.532 385.348 382.134 380.214 378.750 379.804 386.144 390.720 391.385
384.323 385.629 385.915 385.782 385.932 385.118 382.117 382.283 382.663 382.936 382.645 382.551 383.511 383.017 384.808 387.357 388.200 388.868 389.046 389.663 391.002 390.777 390.812 391.705 395.961 397.955 399.118 400.276 397.833 397.587 396.488 395.504 395.244 394.236 393.929 393.769 393.578 393.386 393.308 393.491 393.794 393.584 393.387 390.286 389.346 386.608 386.438 385.002 384.390 384.068 383.613 385.667 387.321 388.300 389.946 391.047 390.566 390.316 388.272 387.191 383.429 381.352 379.316 380.965 386.738 389.448 388.940
383.757 384.250 386.035 386.966 387.612 387.955 386.220 386.572 386.266 386.110 385.986 385.071 383.996 383.642 385.031 387.027 388.293 388.973 389.706 391.053 392.083 391.302 392.052 391.369 395.092 397.190 398.958 398.866 397.592 396.228 395.308 393.986 393.630 394.548 393.451 393.225 393.367 393.483 393.829 393.657 393.436 393.835 393.661 390.789 389.333 387.587 387.155 385.857 385.541 385.194 385.615 386.816 388.204 391.148 391.878 391.869 392.608 391.854 390.096 389.809 387.245 382.669 379.973 379.286 386.144 387.488 388.130
382.906 382.672 383.793 384.963 386.866 389.362 390.694 390.701 388.598 388.975 388.241 386.934 387.141 385.152 386.701 387.092 387.441 387.824 387.908 389.374 390.756 391.650 390.849 390.971 391.686 394.374 396.380 396.502 396.843 395.586 393.975 395.644 394.353 393.668 392.932 392.908 392.686 392.644 393.220 393.610 394.600 394.067 393.933 391.567 390.234 388.425 388.277 386.832 385.699 385.512 387.749 390.539 390.819 392.738 392.435 393.100 392.326 392.961 391.793 391.365 390.034 386.019 381.920 381.611 384.837 387.790 388.497
380.946 381.025 381.653 382.693 386.013 390.170 391.958 392.247 391.552 391.488 391.325 390.304 389.026 387.521 388.243 388.237 388.338 388.047 387.732 388.158 390.621 389.482 388.791 388.803 388.721 389.555 390.477 392.610 392.960 393.361 393.648 393.730 393.541 393.078 392.726 392.678 392.962 393.351 394.943 394.658 395.134 394.666 394.418 393.755 391.824 390.879 389.338 387.223 387.169 387.102 390.776 393.084 393.236 393.777 394.502 394.972 393.823 392.547 393.167 391.834 390.805 390.220 386.446 387.515 389.020 389.177 390.462
379.721 379.856 378.585 379.440 382.680 387.432 392.042 393.070 393.966 393.665 392.415 391.808 390.840 390.309 388.906 389.375 388.346 388.795 388.167 386.856 388.534 386.117 384.607 384.135 383.220 384.647 388.193 389.210 390.987 392.927 394.157 394.048 393.550 392.782 392.679 392.755 395.294 395.829 396.749 396.596 396.736 396.924 396.128 394.100 393.924 391.862 390.249 389.445 387.198 387.842 392.794 394.474 394.982 396.458 396.135 395.819 395.352 395.071 393.857 392.942 391.747 392.640 391.247 390.974 391.643 391.104 392.096
379.221 379.050 378.632 378.584 381.671 386.175 390.470 392.405 393.116 393.856 393.474 392.966 391.523 390.140 389.833 389.068 389.157 388.896 387.990 386.195 386.211 385.615 385.074 383.754 383.333 383.161 385.073 389.101 392.039 393.181 393.971 394.148 393.402 393.072 392.766 393.142 396.264 396.458 397.252 397.581 397.252 396.774 395.084 393.122 393.433 393.370 392.281 391.833 390.355 391.102 394.076 395.937 396.897 397.044 397.226 396.783 395.978 395.537 394.731 393.272 392.545 392.216 391.904 391.821 392.230 392.172 392.248
379.292 378.642 378.469 378.813 380.931 383.445 386.807 390.805 392.416 393.258 393.809 393.041 392.457 389.854 389.651 388.839 389.037 388.786 388.850 388.187 388.206 388.237 388.503 385.318 384.952 383.957 384.826 388.524 392.417 392.567 393.291 393.550 393.223 392.611 392.938 394.220 394.690 396.217 396.832 397.150 396.875 395.069 392.007 392.129 392.291 392.222 392.004 392.063 391.466 392.673 395.733 396.258 396.534 397.027 396.106 396.070 395.581 395.299 394.541 393.455 392.775 392.040 391.790 391.971 391.978 392.354 392.666
