Results_IR_10823toIR_10824/Ir_10824shifted.txt
NCOLS 640
NROWS 480
XLLCORNER 0
YLLCORNER 0
CELLSIZE 1
NODATA_VALUE -9999
[rows 58 to 86 of 480, columns 268 to 334 of 640]
349.872 349.704 349.528 339.529 338.691 345.121 350.588 354.109 354.738 354.588 352.715 350.931 347.920 346.195 346.143 346.891 346.080 347.750 349.475 347.632 351.134 357.234 360.096 360.323 356.405 353.426 352.199 350.312 347.796 346.254 347.851 348.879 349.848 348.740 348.108 348.987 349.329 350.918 349.629 348.410 339.212 334.368 333.866 334.650 341.251 350.550 353.250 353.224 353.483 348.639 351.306 354.977 355.368 350.605 351.747 348.358 336.403 332.695 333.757 339.650 347.633 351.462 351.514 348.273 346.256 347.961 347.638
351.542 350.290 351.386 345.929 340.355 339.559 347.411 352.487 351.858 349.941 350.599 350.940 347.847 346.383 346.647 346.499 341.408 346.257 348.369 345.894 350.132 356.396 356.774 355.504 352.607 352.626 351.893 350.585 348.824 349.012 348.653 352.357 352.369 350.788 347.459 347.261 348.497 349.009 349.751 348.586 340.171 332.871 331.522 332.149 340.434 348.761 352.568 353.270 353.296 351.487 353.422 355.068 356.024 354.752 353.761 351.442 341.425 332.853 333.424 337.002 343.264 351.867 352.812 351.373 347.786 344.487 347.561
354.617 354.717 351.907 345.663 339.116 333.486 344.445 350.063 349.837 348.174 349.026 350.808 347.801 342.809 343.638 346.713 344.609 347.812 351.088 356.105 357.512 354.683 352.910 352.668 352.064 352.264 353.630 352.772 349.499 347.666 348.486 352.881 352.954 352.632 347.230 345.746 345.881 347.961 349.518 346.685 337.734 333.972 335.335 334.152 334.400 344.462 350.000 352.327 353.083 352.059 352.952 353.503 353.886 354.913 353.864 353.724 345.715 336.066 334.189 336.089 342.756 350.512 353.356 353.444 348.177 344.962 347.990
357.553 356.245 352.062 344.078 343.929 339.051 342.146 349.351 346.601 346.578 347.375 350.189 347.180 341.863 339.684 343.811 348.554 354.162 356.123 360.272 360.852 354.576 351.448 351.616 351.808 351.366 352.256 351.889 349.896 349.919 351.502 353.430 353.496 351.493 348.250 345.220 344.255 345.398 348.067 344.578 336.829 339.523 341.128 341.941 340.808 343.993 346.768 348.423 349.347 349.694 348.786 348.232 347.278 351.407 351.926 352.898 350.746 343.147 340.672 340.612 344.023 351.623 356.223 356.407 354.406 354.341 356.236
360.042 357.358 355.422 354.459 354.764 354.310 353.793 354.505 347.831 347.860 348.527 349.899 346.957 343.052 337.583 340.492 351.192 357.287 359.198 359.921 359.249 355.566 352.286 352.588 352.155 352.204 348.946 350.381 351.093 352.665 353.318 353.412 353.720 352.044 349.156 345.415 344.865 345.850 346.287 340.798 335.678 341.807 342.487 343.773 344.276 343.998 344.397 347.297 344.437 346.209 348.208 344.618 344.469 348.325 348.936 351.309 350.274 343.649 342.569 347.950 347.788 350.290 354.389 354.518 356.700 357.021 359.317
361.511 363.336 362.381 362.194 361.981 360.268 358.746 356.607 349.816 348.825 350.991 351.032 344.493 342.594 337.420 338.351 348.339 353.049 356.569 359.724 357.689 354.940 353.940 353.428 353.700 352.555 348.743 349.428 351.875 353.253 353.448 353.324 353.957 353.985 351.867 347.023 345.365 343.917 339.054 336.184 334.318 340.991 343.027 342.559 343.564 344.274 343.963 343.756 344.277 347.850 350.444 348.691 345.973 345.296 348.476 352.010 353.184 350.635 343.186 343.850 343.218 347.249 351.763 355.154 356.225 358.583 358.987
361.046 364.363 364.174 363.816 361.681 359.430 359.022 355.951 350.627 352.821 354.691 351.302 345.896 342.828 341.314 342.794 347.763 346.849 350.706 359.455 359.420 357.676 356.543 357.124 355.845 352.625 349.974 348.577 350.718 353.087 353.367 355.441 355.568 356.318 354.303 349.015 349.193 344.252 342.803 342.204 341.202 342.457 343.392 343.071 344.113 344.208 344.528 343.745 343.987 347.078 351.090 351.259 347.958 345.235 346.429 351.962 353.139 353.323 348.151 341.450 338.548 342.702 353.676 356.168 355.027 355.262 358.018
361.447 363.666 363.897 362.768 360.019 359.179 359.385 356.759 355.384 356.267 355.430 351.290 346.938 346.613 347.585 346.547 350.818 347.964 351.066 359.075 360.590 359.551 360.694 358.727 355.934 352.858 349.385 349.308 350.450 351.431 353.109 353.781 355.879 355.872 354.028 349.117 350.646 346.543 345.603 346.280 345.581 342.868 338.044 340.345 344.645 347.212 345.197 344.423 345.042 345.848 350.740 350.810 346.604 343.936 340.720 346.096 352.123 352.386 348.029 343.909 338.105 338.297 349.585 352.965 351.630 352.986 354.319
354.143 359.334 360.812 359.696 358.232 358.184 358.834 357.637 356.347 355.172 354.458 351.698 346.185 346.530 346.855 348.566 352.193 352.312 350.120 357.292 362.797 363.460 361.547 359.207 356.172 353.607 349.640 349.425 351.114 351.753 351.503 353.305 354.988 354.930 350.339 348.798 349.274 349.523 344.359 343.237 345.946 343.453 339.009 337.112 342.517 349.167 349.767 343.024 343.251 346.772 346.050 348.020 347.606 346.214 340.530 336.862 347.894 351.201 346.304 342.347 337.945 338.564 344.858 349.098 348.006 349.856 351.196
349.377 354.221 357.953 358.181 357.998 358.029 359.339 357.347 355.958 354.886 354.755 350.659 344.284 344.339 345.082 350.506 359.352 359.617 353.783 358.963 364.827 364.945 362.871 359.843 355.919 352.773 350.151 349.193 349.685 351.737 351.058 352.308 353.444 353.473 348.001 343.920 343.562 348.116 344.703 339.681 339.708 340.045 343.499 341.246 339.542 344.995 349.806 349.419 342.117 343.638 346.086 347.283 347.988 345.311 340.141 333.548 345.584 350.815 346.126 338.140 338.245 335.527 335.758 337.469 338.562 348.118 352.574
353.665 353.258 354.511 357.916 358.114 358.106 357.809 356.446 355.448 353.804 351.426 346.638 341.264 337.431 339.605 351.449 360.587 361.890 359.190 361.203 364.169 364.419 363.166 359.253 354.833 352.646 351.630 350.538 350.037 351.153 351.374 351.441 352.139 351.363 347.546 339.931 343.393 346.094 345.676 343.196 335.793 334.720 337.652 341.092 336.209 339.110 344.560 350.725 346.188 338.568 344.873 348.077 351.282 347.560 342.045 333.882 335.419 349.096 348.087 342.294 341.414 334.640 336.711 334.018 336.197 347.213 352.695
353.274 351.797 354.940 357.943 359.064 357.880 354.346 353.725 352.062 351.854 347.940 341.527 333.343 331.330 335.938 350.815 360.420 360.487 356.567 361.120 362.477 362.785 360.525 355.089 352.931 350.955 349.779 352.576 351.091 351.745 351.316 349.765 348.039 346.677 346.305 343.954 343.792 346.513 344.726 346.013 345.989 342.043 341.263 341.183 333.047 335.773 341.726 348.171 350.734 343.677 342.379 348.394 351.828 347.737 345.151 334.907 331.075 342.274 349.926 349.683 348.540 341.364 337.979 338.806 340.763 343.092 348.587
348.540 353.123 357.836 359.151 360.383 354.495 353.377 351.771 347.986 347.622 342.592 336.649 331.238 329.442 334.222 351.588 360.514 359.191 357.442 361.519 361.748 362.313 360.054 355.793 352.665 352.706 350.194 352.545 351.950 351.412 351.013 347.228 344.510 345.164 346.140 344.668 343.820 346.153 345.944 345.973 350.403 350.053 349.139 346.922 340.436 343.561 347.235 345.663 348.623 347.461 338.938 343.722 348.465 344.665 339.858 336.787 333.186 334.728 345.983 350.227 350.195 348.939 341.987 345.016 346.398 347.712 349.752
348.664 355.470 357.801 357.874 357.286 352.406 354.130 354.080 348.089 342.543 335.000 331.489 331.780 331.380 337.927 351.993 359.516 360.431 359.517 360.890 362.587 362.644 359.351 356.533 353.705 352.706 352.037 351.939 351.716 348.791 347.979 345.636 341.279 344.055 345.602 345.293 344.168 343.890 345.074 345.195 349.529 352.362 352.769 351.504 347.827 347.821 347.746 343.388 344.948 346.163 342.087 338.588 341.996 340.393 334.303 339.433 338.631 335.450 340.944 349.365 352.278 350.949 349.989 349.710 349.442 349.091 350.084
356.640 357.308 357.732 354.057 351.168 352.177 349.854 349.661 342.809 336.792 335.992 332.623 331.173 331.091 337.721 342.425 351.744 356.371 356.448 358.430 362.568 362.839 359.240 358.107 357.858 353.223 348.974 344.793 345.142 345.752 345.587 346.227 342.158 341.337 343.720 345.648 343.067 341.399 340.450 341.042 343.015 345.765 351.460 351.524 347.965 344.329 343.842 343.300 341.264 340.713 341.809 339.717 339.081 343.379 341.029 344.987 348.428 349.072 349.839 351.819 353.108 353.779 352.515 350.102 350.270 349.775 348.967
361.933 357.720 356.675 351.025 347.856 349.349 349.503 349.392 343.158 338.274 337.661 333.174 330.705 330.672 336.825 338.630 348.425 353.603 354.419 358.227 361.090 359.489 358.646 358.561 355.682 353.476 348.695 345.374 345.006 344.380 344.568 345.474 345.344 344.517 341.107 341.884 343.947 339.814 340.161 338.612 338.655 336.960 338.814 345.383 346.293 347.265 344.019 343.419 340.361 336.837 339.313 340.410 340.329 348.285 350.495 353.423 354.033 354.878 354.834 355.356 353.995 353.199 352.046 351.125 349.590 347.811 347.328
359.951 355.335 351.033 347.169 349.046 351.133 353.841 353.670 349.309 343.037 338.404 337.943 335.243 332.046 338.865 349.000 351.954 353.647 355.379 359.493 359.807 358.921 359.032 356.753 353.585 348.412 341.738 344.074 344.372 342.629 340.860 340.678 343.474 343.911 339.408 338.315 338.971 339.160 339.220 336.414 334.608 333.649 333.223 338.556 344.303 345.702 344.156 339.940 339.654 339.112 343.052 346.803 350.541 355.311 354.677 356.187 355.029 355.358 355.711 355.724 356.509 352.612 352.042 349.924 349.252 348.822 347.548
357.226 351.999 349.101 347.612 353.059 356.645 358.606 358.854 354.510 349.172 345.219 343.981 345.356 342.720 347.991 351.946 351.700 354.828 358.015 359.327 358.335 358.959 358.011 354.183 348.259 339.331 333.677 333.973 336.507 337.924 335.666 334.382 336.824 337.397 336.215 332.043 333.111 338.707 340.722 337.673 335.389 335.313 337.090 338.660 343.951 345.273 344.182 340.461 340.866 347.420 353.412 355.414 357.201 357.408 357.071 357.088 355.915 355.419 355.673 355.863 355.650 352.941 350.181 349.636 349.462 349.711 347.371
354.254 353.338 350.566 349.393 351.583 354.753 359.845 359.882 355.483 353.365 350.297 351.727 354.356 356.206 356.186 354.905 354.885 354.145 355.055 356.109 357.861 356.317 348.838 343.469 336.955 333.636 334.541 333.370 333.520 335.397 334.179 333.688 334.056 334.302 334.629 334.609 335.205 338.907 345.632 346.355 346.237 345.892 347.121 348.090 346.762 344.945 344.398 343.830 348.049 353.099 357.090 358.156 358.443 358.342 357.890 356.884 355.603 354.807 355.533 354.837 355.414 351.185 350.207 349.642 348.704 347.766 345.209
352.776 350.522 349.628 346.410 347.853 354.204 358.747 356.946 351.767 353.279 353.035 356.348 359.488 359.772 359.374 350.934 345.298 338.238 337.820 346.764 350.373 347.494 339.139 333.016 332.935 334.182 333.673 333.395 333.708 336.869 336.536 336.940 337.667 338.553 340.488 345.124 348.855 349.128 352.809 354.265 352.011 351.654 348.023 346.844 345.863 344.934 344.969 350.038 354.056 357.757 358.320 358.408 357.625 357.978 358.088 356.284 355.020 354.603 354.769 353.802 353.953 352.372 351.303 349.963 347.794 343.110 341.512
347.222 342.898 343.431 343.101 348.401 356.490 355.194 351.339 349.401 345.299 348.943 355.631 359.158 358.655 355.543 340.246 333.013 331.401 331.505 337.632 338.675 339.532 335.667 332.978 333.225 337.444 335.012 335.335 337.613 345.024 346.374 350.907 351.062 350.875 353.928 357.440 359.024 355.508 355.644 353.867 352.487 350.671 348.225 347.339 346.556 346.810 349.635 354.139 356.868 358.326 357.609 357.356 357.507 358.049 356.453 355.454 354.995 354.748 353.901 353.977 353.545 352.135 351.702 348.504 345.662 341.760 339.974
341.474 337.520 337.142 343.383 353.903 354.547 351.802 345.977 348.559 345.661 344.927 352.823 357.912 356.398 350.486 337.864 333.681 337.918 338.102 338.140 339.265 339.608 340.783 340.452 339.952 340.085 341.917 345.547 350.720 352.732 354.301 354.131 354.510 354.499 356.969 356.975 357.837 357.178 356.464 353.901 353.028 351.910 349.314 347.385 346.675 348.401 348.867 351.369 354.809 357.291 355.929 355.654 356.564 357.884 357.625 356.764 355.171 354.202 352.661 351.742 349.311 348.369 347.159 347.285 343.603 341.347 344.518
337.736 337.078 341.431 351.370 355.579 355.346 353.411 349.844 353.631 354.538 354.977 355.797 350.774 343.742 338.671 337.637 340.608 345.438 345.406 345.359 345.132 345.654 345.825 346.335 346.409 350.250 353.000 353.641 352.747 353.279 354.144 354.625 355.847 357.235 357.054 356.807 357.124 355.749 353.961 350.822 350.646 350.193 349.037 348.430 347.346 345.779 345.297 346.684 348.954 353.847 355.952 355.871 357.784 359.409 359.142 356.407 353.304 351.467 346.413 345.536 345.297 345.408 347.379 349.086 347.870 348.588 354.177
341.319 347.229 355.608 356.339 358.422 359.501 358.417 356.636 357.256 356.130 352.215 350.241 343.390 343.174 343.199 346.372 350.028 350.401 346.089 345.651 345.652 346.111 350.366 352.317 354.369 356.005 355.660 354.709 353.279 353.310 355.588 355.991 356.707 356.614 356.502 354.941 353.607 353.652 351.753 351.008 351.229 351.125 349.463 348.738 347.241 347.810 349.855 351.365 348.599 354.576 358.098 358.585 359.345 358.038 355.876 352.905 347.541 346.088 345.134 345.572 346.575 347.168 348.998 348.161 348.471 353.513 355.425
353.415 356.622 360.250 361.031 361.760 357.728 358.184 356.084 356.518 353.926 352.032 351.337 351.126 352.392 354.979 353.444 352.120 351.174 350.163 350.995 352.108 353.004 357.233 358.310 358.821 358.379 355.957 355.798 354.519 354.833 357.631 356.668 355.945 355.426 355.845 353.657 352.869 354.153 355.110 354.485 352.618 352.515 351.618 352.233 350.902 352.880 352.889 350.863 350.425 354.317 356.620 356.730 356.528 354.308 352.225 346.750 340.772 340.548 343.204 345.264 346.589 346.409 347.524 347.770 348.139 352.873 354.942
361.079 359.855 359.723 358.524 358.003 356.821 356.107 357.619 359.566 357.175 356.343 356.694 356.391 356.231 355.853 354.792 355.245 354.882 354.291 358.439 358.277 358.038 358.405 358.302 357.449 356.577 355.538 355.228 354.976 357.040 358.583 357.708 356.394 355.364 353.908 354.713 358.420 358.242 355.709 353.688 352.678 352.296 352.692 353.565 353.276 353.174 354.889 354.893 355.352 356.108 355.957 355.932 354.243 349.973 347.542 342.610 340.529 341.402 340.677 342.746 344.993 345.262 345.069 347.249 349.930 353.775 353.691
359.615 358.323 356.718 356.915 357.560 357.097 357.028 356.996 359.284 357.220 357.190 357.371 355.674 355.727 355.871 356.019 356.089 355.657 357.779 362.739 362.593 358.253 358.108 357.762 355.200 353.054 353.097 355.562 357.714 358.972 360.316 357.652 356.655 355.339 355.375 358.379 359.158 358.925 357.643 354.933 354.042 352.695 352.139 351.855 353.887 356.145 355.645 353.875 351.083 354.009 355.319 353.375 353.050 347.580 343.223 341.313 340.895 344.666 344.170 343.475 343.602 344.405 347.112 348.450 354.519 355.654 353.232
360.444 359.898 357.219 355.799 355.697 355.982 354.408 355.067 355.576 354.919 355.388 354.656 352.789 352.577 355.472 358.754 357.886 355.529 359.531 361.664 360.554 358.190 358.094 357.216 353.000 352.904 352.978 355.664 356.581 359.472 358.828 357.619 356.903 355.693 356.100 356.521 356.860 357.623 357.669 356.960 355.470 354.465 351.937 351.355 353.178 354.893 353.725 350.897 351.117 353.162 354.159 354.350 354.845 352.091 347.077 342.477 344.089 347.293 345.020 349.010 349.108 350.087 348.115 353.023 356.323 355.865 354.017
358.839 356.977 353.119 351.035 352.750 351.560 350.457 350.405 350.253 350.323 350.850 350.867 350.346 350.314 355.813 355.923 355.808 355.701 359.281 360.489 358.872 358.583 356.683 354.953 352.036 352.813 352.586 354.981 355.242 356.922 357.850 355.528 355.247 352.551 352.170 347.595 350.129 354.437 356.793 357.059 356.504 354.571 352.141 351.017 351.277 351.754 353.045 351.704 353.159 354.304 353.488 354.514 354.818 355.017 354.014 353.151 352.924 348.484 346.648 352.579 352.630 349.286 351.158 354.179 356.583 356.474 357.183
