Results_IR_10823toIR_10824/Ir_10823shifted.txt
NCOLS 640
NROWS 480
XLLCORNER 0
YLLCORNER 0
CELLSIZE 1
NODATA_VALUE -9999
[rows 377 to 405 of 480, columns 67 to 133 of 640]
400.718 397.283 396.697 394.706 395.135 394.237 394.276 394.667 395.526 396.580 396.931 397.126 396.580 396.150 396.346 395.096 395.409 394.784 394.823 395.174 394.823 396.580 398.883 399.274 399.859 400.016 399.625 399.898 398.181 399.000 399.039 398.532 398.961 399.391 399.352 398.805 399.391 398.376 396.697 395.096 391.973 389.318 384.867 385.414 388.264 390.333 390.684 391.153 390.645 390.802 389.786 390.997 389.552 390.606 388.967 388.615 389.162 388.693 388.576 388.693 391.739 393.535 396.892 397.478 396.736 395.877 393.144
402.631 398.844 397.478 396.970 394.862 394.393 394.237 394.667 395.213 396.814 398.376 399.313 399.469 398.493 397.400 396.346 395.565 395.057 394.550 393.730 394.940 395.448 397.244 399.625 399.820 399.742 400.211 400.562 400.523 399.508 400.094 399.430 399.664 399.937 399.508 400.601 398.805 398.688 397.400 395.682 394.120 392.246 390.919 390.763 390.645 389.552 390.138 389.201 389.786 390.724 390.958 390.489 390.841 390.255 390.021 390.177 389.747 391.114 392.324 395.291 397.165 398.766 398.727 398.922 397.204 396.307 394.589
403.569 401.343 398.376 397.126 397.283 395.760 395.174 395.057 395.487 397.087 397.829 399.976 400.718 399.430 400.094 399.157 398.141 396.385 396.736 394.862 395.252 394.862 395.994 396.541 397.556 397.751 399.547 400.523 401.031 400.874 400.289 399.352 397.985 396.385 395.057 392.949 393.066 393.183 392.598 392.363 393.300 393.613 393.378 390.997 389.591 389.006 388.810 388.693 388.889 389.357 389.591 391.543 391.661 390.958 390.802 390.684 392.129 395.760 398.766 399.430 401.265 400.679 400.562 400.914 398.181 397.087 395.877
403.686 402.983 402.397 401.187 401.421 400.367 397.829 396.814 395.291 395.174 397.400 397.556 399.274 400.562 400.874 400.523 399.781 399.235 398.805 399.000 396.541 395.994 396.346 396.619 396.853 398.063 398.883 398.961 400.523 400.523 398.883 394.550 390.489 388.810 388.225 388.108 387.991 388.498 389.006 390.060 390.528 389.982 390.333 389.513 390.411 389.162 388.459 388.576 389.006 389.006 389.669 390.411 390.880 391.895 391.348 393.378 395.409 397.712 400.992 402.202 403.725 403.569 401.226 400.718 399.391 397.868 397.790
404.428 404.740 404.623 404.115 403.569 403.022 402.280 399.820 397.595 397.868 397.439 397.673 397.556 398.727 400.016 400.523 400.367 399.000 399.157 398.961 399.000 398.298 398.610 397.439 397.712 397.790 398.259 398.727 398.610 396.346 394.433 391.075 389.669 387.717 387.873 387.912 387.951 388.069 388.810 388.810 389.279 389.396 389.357 389.123 389.006 389.162 388.420 388.186 388.537 389.240 389.513 391.621 392.285 393.027 394.198 394.550 397.048 398.493 400.679 403.725 403.920 404.193 403.569 402.710 401.148 400.445 398.415
403.842 404.623 405.013 405.052 404.779 404.545 403.569 401.616 400.445 399.235 397.673 397.244 397.400 398.024 398.532 399.976 399.859 399.352 399.039 399.196 399.118 399.157 398.649 398.454 398.141 397.946 398.220 397.361 396.150 392.402 391.582 390.528 389.396 388.771 388.225 388.069 388.186 388.810 388.342 388.928 388.967 389.318 389.396 389.669 389.630 390.216 389.513 388.928 389.240 389.630 390.333 391.934 393.691 393.964 393.691 393.886 395.643 397.634 400.328 399.274 402.749 403.061 403.490 402.827 402.085 401.460 399.625
404.115 403.412 404.428 403.061 401.382 404.193 403.803 403.529 400.796 400.562 398.454 397.595 397.400 397.712 398.063 398.961 399.079 399.235 399.235 398.922 398.961 398.571 398.571 398.649 398.181 397.244 396.385 394.979 392.285 391.582 391.582 391.036 389.318 389.162 389.006 388.459 388.615 388.967 389.552 389.318 389.279 389.279 389.669 390.372 390.802 390.684 391.621 391.153 391.543 391.700 392.012 393.808 394.120 394.354 393.339 392.832 392.441 394.120 397.829 398.220 399.469 401.577 402.631 402.944 401.812 400.835 398.766
402.046 398.649 397.439 397.361 397.751 398.727 399.313 400.796 399.898 398.181 398.649 397.087 396.970 395.955 396.541 395.877 395.916 397.790 398.415 398.454 398.063 397.595 398.649 397.361 396.541 396.072 394.745 392.441 392.012 391.621 391.387 390.450 389.865 389.982 389.201 389.318 388.928 388.889 389.279 389.786 390.021 389.591 391.661 391.075 393.183 394.042 393.808 394.628 394.589 394.042 394.511 395.565 394.511 393.769 392.441 391.270 391.426 393.027 394.120 397.439 398.415 399.274 399.976 400.211 400.133 399.157 398.727
395.213 393.027 393.808 393.886 394.745 395.877 395.721 395.721 395.760 394.784 394.979 394.550 394.276 394.081 393.144 392.676 393.066 393.613 394.081 395.565 396.580 396.541 397.087 396.228 395.096 392.715 392.285 392.012 391.231 390.372 391.192 390.606 389.865 389.669 389.396 389.201 389.357 389.396 389.904 390.763 390.684 390.724 391.934 392.988 393.378 394.706 395.877 396.619 397.907 395.526 395.877 398.102 396.346 394.433 392.988 390.763 391.387 391.504 392.793 395.799 398.688 399.781 399.547 399.079 398.220 398.649 397.556
393.808 393.808 394.433 395.487 395.330 396.111 395.916 395.916 395.643 395.526 394.979 394.511 394.276 394.393 393.066 392.598 393.222 393.378 393.456 393.574 397.165 395.799 397.244 396.541 394.081 393.730 392.754 392.207 391.973 391.543 390.060 389.865 389.630 389.396 389.357 389.201 389.123 389.435 389.826 391.270 392.715 393.261 394.042 393.652 395.604 397.126 397.751 398.571 399.079 399.430 398.063 395.448 394.159 393.378 392.598 391.114 391.621 392.558 393.925 395.799 397.946 399.508 398.766 398.688 397.868 396.814 395.565
394.784 396.111 396.853 397.165 397.400 396.658 396.697 397.204 395.565 395.838 394.979 394.901 394.393 394.198 394.472 394.003 394.003 394.042 394.276 394.589 397.400 397.595 398.024 396.931 396.931 396.072 396.072 395.565 395.291 395.448 393.378 390.216 389.747 389.435 389.279 389.006 389.240 390.528 391.114 394.276 395.955 396.931 397.126 397.595 397.751 398.571 399.625 399.196 399.742 398.766 399.157 397.322 396.697 396.853 395.565 393.847 393.456 393.066 395.877 399.157 399.391 400.484 399.118 398.181 396.267 395.955 393.925
397.517 397.829 398.259 398.102 397.556 397.322 396.463 397.165 396.189 397.048 395.994 394.823 394.550 394.393 394.667 394.589 395.252 394.628 397.556 396.697 399.469 399.547 400.640 401.148 401.343 401.031 401.304 400.953 398.610 397.361 396.072 393.027 390.138 389.513 389.591 389.669 391.504 392.754 395.370 397.244 398.688 398.454 398.337 398.141 398.610 399.352 399.313 399.820 400.757 400.679 401.109 400.718 401.070 399.976 398.181 395.370 397.400 396.463 398.922 400.445 401.109 401.343 400.367 399.820 397.556 395.291 393.144
398.259 398.337 398.610 398.454 397.439 397.478 397.009 397.673 397.907 398.610 396.853 396.033 394.784 394.511 394.472 394.823 395.291 396.385 396.970 398.532 399.898 400.796 402.397 401.890 402.046 402.319 402.085 401.616 400.562 399.664 397.751 393.378 392.090 390.450 390.724 392.793 395.096 397.517 400.796 401.031 400.874 400.016 401.265 400.367 399.157 400.328 399.859 400.289 401.265 401.265 401.109 401.812 401.577 400.914 399.352 398.844 398.688 399.118 399.157 400.601 401.890 401.968 401.109 399.430 395.994 392.598 390.763
399.118 398.415 398.610 398.259 397.361 397.439 397.595 398.259 398.454 398.610 397.400 397.204 395.409 394.511 394.667 395.526 395.877 396.619 397.439 400.328 401.265 401.929 402.671 402.631 402.631 402.280 402.202 402.085 401.187 400.094 399.352 395.877 393.378 393.183 393.964 396.814 400.874 401.187 401.304 401.148 402.124 402.007 401.890 401.968 402.202 401.421 401.851 400.953 402.007 401.499 402.319 401.929 401.772 401.421 400.250 398.844 399.196 399.469 399.742 400.523 401.421 401.694 400.601 398.844 395.174 392.793 390.645
398.259 398.844 398.337 397.556 397.087 397.673 397.556 397.595 397.790 396.775 396.931 396.658 395.604 395.213 395.370 396.502 398.024 398.727 401.187 400.992 401.031 402.007 402.475 402.827 402.514 402.241 402.280 402.241 400.484 400.055 398.181 397.048 394.823 396.580 397.712 400.953 402.085 401.929 401.812 402.749 402.319 402.983 403.686 403.100 404.818 404.545 404.076 404.388 403.139 402.553 401.929 402.124 402.124 401.616 399.937 399.547 399.157 399.586 400.367 400.601 400.601 400.250 399.664 397.009 394.550 392.402 390.763
398.181 398.805 397.790 397.556 397.361 397.868 398.376 401.733 398.805 400.914 399.118 399.313 398.141 397.712 398.883 400.328 401.499 401.382 401.733 401.577 402.202 402.397 402.592 402.749 402.671 402.397 402.436 402.085 400.172 398.922 398.532 397.517 397.907 398.883 399.508 400.953 402.475 402.710 402.124 402.124 402.475 402.553 405.404 406.497 406.966 405.755 406.263 405.638 404.506 405.404 404.428 403.764 402.358 402.202 400.172 400.133 400.835 401.812 400.796 400.328 400.562 399.820 398.102 396.307 393.300 392.715 390.880
397.946 397.283 397.712 397.907 397.673 401.070 401.968 402.085 402.085 402.241 402.241 402.007 401.694 401.655 401.812 401.538 402.007 401.655 401.890 402.241 402.163 402.241 402.553 402.553 402.475 402.085 402.046 400.718 399.664 398.805 397.556 397.751 398.727 399.625 402.241 402.749 402.827 402.866 402.046 402.202 402.319 402.631 405.716 407.590 407.512 407.434 406.809 406.419 406.341 405.521 405.638 404.857 405.013 403.373 402.788 402.475 402.944 401.148 400.601 400.406 400.211 399.781 398.220 395.409 391.973 392.129 392.480
397.361 397.204 397.478 399.352 401.499 402.475 402.319 402.475 402.436 402.671 402.358 402.631 402.085 401.890 401.929 402.163 402.085 402.280 402.085 402.163 402.319 402.358 402.475 402.241 401.890 401.812 401.382 399.898 398.298 398.532 398.415 398.649 399.703 400.016 402.866 404.076 403.803 402.592 402.280 402.241 402.671 405.443 407.512 407.707 407.746 407.746 407.200 406.887 406.380 405.911 405.638 405.794 405.365 404.779 403.295 403.217 402.944 401.616 400.328 399.859 399.469 397.673 396.814 394.550 393.105 392.324 392.598
397.790 397.165 399.118 400.055 401.851 402.553 402.710 402.749 402.358 402.319 402.553 402.358 401.968 402.436 402.631 402.319 402.397 402.202 402.085 402.241 402.163 402.202 402.124 401.851 401.655 401.577 401.265 399.274 397.829 397.244 397.946 398.571 399.781 401.694 402.241 403.569 403.920 402.905 402.710 402.514 402.905 405.638 407.903 407.590 407.903 407.434 406.770 406.614 406.419 406.185 406.028 405.716 405.287 405.638 404.701 403.139 401.929 400.796 400.094 399.703 398.844 397.907 394.198 392.363 390.489 392.558 393.144
397.244 398.376 397.946 398.961 399.430 401.655 401.929 402.553 402.241 401.733 401.812 402.280 402.514 402.280 402.514 402.280 402.124 402.514 402.163 402.241 402.358 401.694 400.835 401.304 401.148 400.406 399.235 397.595 397.478 396.385 395.838 396.853 397.283 398.571 399.235 401.265 402.319 402.710 402.710 403.100 404.349 406.926 407.707 407.903 407.278 407.356 406.770 406.536 406.731 406.419 406.185 405.677 405.482 405.326 404.193 403.881 403.022 401.421 401.187 399.352 397.283 394.511 390.997 389.513 389.669 391.817 392.793
397.790 397.868 397.634 397.790 398.727 399.820 401.382 402.007 401.968 401.929 401.148 401.460 402.124 402.671 402.319 402.475 402.241 402.280 402.319 402.163 401.968 401.343 400.562 398.844 397.673 397.204 396.502 395.096 392.129 392.012 391.700 391.387 392.129 391.270 393.691 394.003 395.877 401.187 402.163 403.100 403.725 406.575 407.512 407.434 407.434 407.356 406.848 406.809 406.614 406.419 406.302 405.716 405.794 405.287 404.584 403.490 403.217 402.046 400.445 398.220 394.979 393.730 390.958 389.591 389.669 391.465 392.676
397.790 397.283 397.829 397.517 397.946 398.649 398.376 400.172 400.211 399.898 400.992 400.601 401.109 401.968 402.631 402.202 402.319 401.929 401.890 401.890 401.148 398.961 398.415 395.838 392.246 391.153 390.528 391.036 390.489 388.147 387.951 387.795 388.928 389.045 389.630 393.144 394.667 395.409 398.727 400.640 403.022 404.623 404.740 407.005 406.575 407.044 406.302 406.263 406.575 406.380 406.263 405.950 405.482 405.130 403.998 403.490 402.710 402.358 399.508 396.697 394.901 391.114 390.411 389.318 389.240 392.090 393.495
397.361 398.063 397.712 397.439 397.712 398.454 398.220 399.937 400.523 401.109 401.226 401.070 401.655 402.241 401.890 402.319 402.007 401.694 399.547 398.063 396.463 394.393 391.075 389.279 388.889 387.795 386.897 386.663 386.624 387.366 387.132 386.858 387.483 388.576 390.450 391.426 393.886 395.252 396.033 399.079 402.397 403.334 404.154 404.974 405.716 405.560 406.263 406.380 406.185 406.341 406.028 406.067 405.638 404.818 403.412 403.217 402.436 400.250 396.541 394.628 393.027 390.841 390.177 389.162 389.591 391.739 392.949
398.961 398.766 397.517 397.048 398.141 398.337 398.688 399.469 400.679 402.710 403.490 403.061 402.553 402.241 401.851 401.616 398.532 395.330 394.901 390.450 389.708 388.967 387.561 387.014 387.210 386.468 386.155 386.195 386.116 386.312 386.858 387.678 388.928 390.372 391.387 393.222 393.495 394.667 397.165 396.970 398.220 402.085 403.061 403.647 404.115 404.935 405.833 406.380 406.106 406.341 405.326 405.950 405.247 403.647 403.490 402.436 399.274 397.048 395.487 393.495 391.934 390.138 388.732 388.615 387.912 391.739 393.925
400.016 398.805 398.649 398.805 399.352 399.118 399.820 401.109 402.397 403.217 403.959 403.725 402.866 401.851 398.922 397.790 395.057 390.333 388.732 387.834 387.483 387.522 387.366 386.819 386.546 386.155 385.999 386.155 385.921 386.351 387.210 390.138 391.895 393.847 395.057 395.135 395.018 396.736 396.541 397.126 397.439 399.742 401.812 403.412 403.334 404.506 405.287 405.872 406.146 406.028 405.677 405.130 403.647 402.866 401.499 398.649 397.283 394.589 393.027 391.426 390.567 389.240 388.303 388.342 388.069 390.997 392.285
400.250 399.976 400.055 399.937 399.235 400.757 401.031 401.616 403.178 402.397 403.920 402.866 401.382 398.727 395.877 394.550 390.997 390.177 388.303 387.366 387.678 387.288 387.288 386.116 386.546 386.077 385.765 385.765 386.038 386.858 388.225 391.465 396.385 396.853 396.853 397.087 396.970 397.439 397.478 397.244 397.322 398.063 401.694 401.968 402.475 403.959 404.232 404.115 405.326 404.623 404.037 403.569 402.710 400.992 398.337 397.478 395.409 393.339 392.754 391.153 389.084 386.897 386.585 387.717 388.264 391.348 394.081
400.094 400.367 400.133 400.562 400.835 401.343 401.304 401.538 401.343 401.929 401.577 401.343 400.172 398.805 397.204 394.940 392.637 391.270 388.771 387.405 387.366 387.171 386.897 386.897 386.468 386.546 386.155 386.975 386.351 387.678 391.387 393.964 396.463 397.439 397.009 398.532 398.493 398.298 397.673 397.790 397.595 397.712 400.992 401.655 402.475 403.100 403.490 403.334 403.451 403.295 402.749 402.085 401.577 398.766 397.556 394.198 391.934 391.543 390.372 389.279 387.132 385.843 385.960 385.882 387.132 388.810 393.769
401.109 399.937 400.484 400.328 400.562 401.304 401.226 401.460 401.460 401.655 400.953 401.187 400.484 398.259 397.673 395.604 394.315 393.769 392.168 390.177 388.967 388.498 387.249 386.663 385.765 386.273 386.077 387.288 387.600 388.967 392.402 394.315 397.361 398.493 399.000 398.883 399.039 398.220 398.259 397.751 397.673 398.259 399.118 401.421 402.436 403.061 402.983 402.592 402.983 402.592 402.514 401.538 398.805 397.048 394.940 392.441 390.645 390.099 389.513 387.912 386.468 386.116 385.765 386.234 386.468 387.678 391.817
400.718 400.484 400.718 400.757 400.601 401.148 401.460 401.733 401.733 401.577 400.523 400.328 399.976 398.883 398.024 396.385 394.784 395.213 394.276 393.769 393.925 390.763 389.162 388.264 387.210 386.155 387.014 388.381 388.459 389.786 392.207 394.081 398.610 399.157 398.961 399.196 399.118 398.961 397.946 398.181 397.868 397.634 398.493 400.406 401.694 402.007 402.163 402.710 401.890 402.749 402.280 399.547 397.126 392.988 391.270 390.684 390.255 389.201 388.771 389.826 388.849 387.288 386.273 386.312 387.483 387.795 391.075
