Results_IR_11145toIR_11146/Ir_11146shifted.txt
NCOLS 640
NROWS 480
XLLCORNER 0
YLLCORNER 0
CELLSIZE 1
NODATA_VALUE -9999
[rows 348 to 376 of 480, columns 469 to 535 of 640]
363.878 363.962 364.263 364.434 364.369 365.077 364.994 364.854 365.365 365.572 365.882 366.141 366.141 366.049 366.113 366.153 366.189 365.442 365.202 365.136 365.204 365.335 365.287 364.859 364.403 364.518 364.406 364.167 363.912 363.054 362.700 363.189 363.418 364.622 364.822 365.155 365.338 364.975 364.781 363.874 363.942 363.606 363.812 363.484 363.162 363.433 363.258 363.244 363.146 363.357 363.103 363.141 363.366 363.639 364.353 364.749 364.820 364.679 364.286 363.684 363.278 362.357 362.276 361.854 361.975 362.601 362.343
363.747 364.043 364.105 364.298 364.553 364.793 364.751 364.950 365.121 365.497 365.823 366.287 366.540 366.269 366.281 366.260 365.740 365.592 364.728 364.544 364.911 364.855 364.833 364.736 364.315 364.416 364.344 363.961 363.540 362.220 362.543 362.998 363.139 364.093 364.427 364.819 364.910 364.730 364.464 363.938 363.803 363.766 363.590 363.576 363.407 363.271 363.467 363.305 363.188 363.259 363.172 363.102 363.287 363.385 364.276 364.639 364.926 364.841 364.847 363.838 363.307 362.605 362.198 361.428 361.219 361.071 361.698
363.816 364.019 364.043 364.367 364.427 364.513 364.661 364.787 365.426 365.878 365.943 366.400 366.475 366.517 366.439 365.808 365.362 365.222 364.386 364.023 364.443 364.353 364.584 364.631 364.417 364.395 364.301 364.011 363.921 362.198 362.710 362.803 362.969 363.087 363.679 364.313 364.429 364.631 364.406 364.240 363.977 363.814 363.634 363.929 363.522 363.441 363.607 363.565 363.424 363.414 363.470 363.254 363.235 363.429 364.014 364.765 364.671 364.902 364.811 364.555 363.748 362.450 361.494 360.660 360.334 360.123 360.649
363.917 364.151 364.189 364.314 364.346 364.492 364.584 365.079 365.459 365.757 365.989 366.187 366.272 366.147 365.990 365.270 365.068 364.465 364.115 363.543 363.662 363.765 364.344 364.233 364.171 364.407 364.293 364.166 363.586 362.563 362.719 362.553 362.648 362.809 362.941 363.896 363.599 364.219 364.495 364.641 364.494 364.268 363.750 363.939 363.796 363.566 363.858 363.646 363.984 363.876 363.518 363.589 363.742 363.922 364.444 364.360 364.995 365.138 364.882 364.648 364.029 363.677 361.944 360.129 360.060 360.270 360.323
364.072 364.374 364.302 364.116 364.195 364.127 364.325 364.204 364.568 364.902 365.286 365.667 365.728 365.333 364.741 364.421 363.978 363.993 363.984 363.473 363.359 363.064 363.232 363.648 363.711 363.973 364.030 363.989 363.294 362.673 362.411 362.543 362.627 362.613 362.955 362.784 362.991 363.811 364.625 364.746 365.186 364.720 364.439 364.114 364.034 363.944 364.040 363.993 364.266 364.329 363.847 364.328 364.375 364.435 364.771 364.873 365.263 365.271 365.122 364.510 364.337 364.450 363.550 362.012 361.089 360.818 361.197
364.088 364.094 364.031 363.650 363.856 363.404 363.822 363.037 364.023 363.789 364.158 364.647 364.500 364.210 364.383 364.078 363.544 363.736 363.610 363.379 363.016 362.785 363.111 362.951 363.122 363.362 363.545 363.515 363.403 362.881 362.536 362.314 362.651 362.767 362.862 362.935 362.947 363.897 364.817 365.140 365.454 365.306 365.072 364.940 364.876 364.277 364.260 364.792 364.459 364.841 364.411 364.677 364.778 364.768 365.273 365.388 365.478 365.500 365.417 365.135 365.091 364.647 364.256 363.756 362.339 362.237 362.046
363.754 363.536 362.999 362.515 363.160 362.638 362.667 362.298 362.528 362.124 362.149 363.172 363.155 362.932 364.060 363.727 363.872 363.951 363.891 363.417 363.464 362.795 362.948 362.971 362.851 362.898 363.058 363.501 363.533 362.782 362.463 361.977 362.221 362.501 362.217 362.608 363.020 363.706 364.207 365.369 365.572 365.401 365.351 365.322 364.870 364.729 365.050 365.016 365.183 364.906 364.974 365.056 365.263 365.404 365.655 365.675 365.527 365.626 365.567 365.395 365.148 364.702 364.380 364.154 363.998 363.692 362.958
362.785 362.476 361.865 361.594 362.521 362.418 362.320 362.116 361.859 361.822 361.564 361.637 361.719 361.715 363.673 363.348 364.203 364.345 364.280 363.787 364.140 363.308 363.174 363.158 363.038 363.239 363.121 363.336 363.590 363.325 362.593 361.379 361.545 362.326 361.815 362.358 362.780 363.422 364.131 364.746 364.853 365.065 365.315 365.296 364.988 365.016 365.326 364.953 365.339 365.174 365.193 365.299 365.398 365.609 365.791 365.911 365.857 365.681 365.732 365.361 365.159 364.820 364.703 364.584 364.470 364.470 363.564
361.610 361.075 360.975 361.271 361.910 362.137 362.246 361.908 361.723 361.806 361.646 361.630 361.474 361.623 363.478 363.921 364.785 365.100 365.104 364.699 364.548 364.556 364.040 364.006 363.817 364.358 363.576 363.887 364.149 363.944 362.699 361.425 361.278 361.694 361.779 362.362 362.768 363.363 363.738 363.797 363.768 364.035 364.547 365.223 365.445 365.476 365.792 365.333 365.282 365.383 365.358 365.533 365.454 365.576 365.897 366.006 366.103 366.018 365.850 365.602 365.468 365.092 364.939 364.842 364.661 364.583 364.175
361.498 361.101 360.983 361.387 361.653 361.755 362.050 361.888 361.824 362.164 361.778 361.641 361.570 362.251 363.402 364.094 364.928 365.395 365.361 365.209 365.271 365.131 364.597 365.040 365.061 365.394 364.914 364.826 364.837 364.344 363.131 362.191 361.298 361.178 361.436 361.933 362.573 363.155 363.149 363.574 363.552 364.005 364.619 364.891 365.448 365.974 366.195 365.688 365.551 365.521 365.465 365.374 365.455 365.750 366.130 366.223 366.198 366.172 365.914 365.709 365.675 365.475 365.012 364.951 364.789 364.760 364.723
361.616 361.217 361.194 360.972 361.481 361.582 362.019 361.923 362.253 362.234 361.854 361.638 362.305 363.210 363.979 364.569 365.064 365.323 365.356 365.252 365.259 365.149 365.280 366.023 366.104 366.627 366.003 365.579 366.111 365.109 363.707 362.862 361.601 361.294 361.431 362.173 362.292 363.359 363.757 363.832 363.766 364.413 364.724 364.868 365.469 366.240 366.164 366.085 365.760 365.922 365.678 365.571 365.939 366.159 366.152 366.096 366.218 366.144 366.258 366.049 365.776 365.275 365.140 365.017 364.934 364.885 364.800
362.201 361.535 360.903 360.628 360.825 361.162 361.639 362.047 362.237 362.402 362.465 362.181 363.403 364.057 364.297 365.000 365.399 365.240 365.327 365.234 365.348 365.276 365.457 365.822 366.375 366.776 366.838 367.267 366.716 366.308 365.143 364.519 363.495 362.321 361.830 362.134 362.856 363.711 364.068 364.372 364.658 364.706 365.112 365.412 365.793 366.276 366.274 366.232 366.200 366.295 366.161 365.930 366.252 366.305 366.300 366.342 366.333 366.332 366.471 366.254 365.869 365.131 364.999 365.012 364.960 364.797 364.667
362.657 361.805 361.141 360.821 360.974 361.120 361.777 362.487 362.364 362.858 362.884 363.012 363.708 364.327 364.910 364.960 365.338 365.177 365.311 365.242 365.251 365.251 365.315 365.860 366.150 366.785 367.296 367.324 366.866 366.611 366.331 366.064 365.635 363.964 363.117 362.940 363.608 363.907 364.237 364.670 365.088 365.129 365.278 365.595 366.273 366.276 366.458 366.349 366.476 366.492 366.316 366.309 366.257 366.358 366.282 366.096 366.340 366.397 366.342 366.310 366.011 365.411 365.075 364.985 364.865 364.814 364.738
362.626 361.765 361.328 361.271 361.465 361.254 361.447 362.478 362.860 362.746 363.193 363.376 364.086 364.742 365.021 365.084 365.196 365.422 365.355 365.414 365.446 365.270 365.388 365.703 365.966 366.379 366.662 367.063 366.675 366.655 366.605 366.286 366.243 365.878 365.351 364.661 365.247 364.717 364.693 365.131 365.292 365.495 365.592 365.631 366.024 366.256 366.449 366.607 366.685 366.572 366.487 366.419 366.205 366.255 366.142 366.076 366.138 366.297 366.141 366.310 365.923 365.312 365.056 365.036 364.951 364.988 364.909
362.447 361.694 362.027 361.796 361.457 361.429 361.740 362.440 363.117 363.020 363.559 363.934 364.370 364.919 365.123 365.287 365.390 365.949 365.918 365.868 365.564 365.371 365.337 365.624 365.875 366.194 366.315 366.707 366.702 366.601 366.697 366.429 366.362 366.067 366.109 365.998 365.795 365.299 365.542 365.694 365.706 365.572 365.635 365.607 365.966 366.387 366.600 366.550 366.742 366.788 366.707 366.499 366.270 366.121 366.068 366.121 365.981 366.251 366.200 366.128 366.064 365.435 365.393 365.058 364.815 364.855 364.823
361.779 361.962 362.166 361.840 361.900 361.808 361.841 362.596 363.637 363.825 364.113 364.472 364.988 365.467 365.741 366.002 366.056 366.070 366.906 366.422 365.985 365.493 365.364 365.399 365.271 365.604 365.978 366.488 366.256 366.456 366.407 366.465 366.379 366.217 366.022 366.239 366.501 366.192 366.020 365.992 365.965 365.859 365.710 365.821 366.061 366.358 366.511 366.721 366.930 366.836 366.847 366.653 366.118 365.922 365.890 366.005 365.778 365.976 366.008 365.888 365.876 365.395 365.075 364.902 364.758 364.735 364.861
361.897 361.879 362.069 362.178 362.028 362.048 362.342 363.420 364.078 364.736 365.015 365.166 365.725 366.507 366.559 366.646 366.733 366.918 367.213 366.734 366.556 365.905 365.409 365.225 365.082 365.107 365.351 365.437 365.714 366.143 366.078 366.407 366.299 366.408 366.049 366.437 366.729 366.473 366.290 366.214 366.157 365.949 365.996 366.114 366.077 366.259 366.687 366.974 366.932 366.938 366.792 366.611 366.027 366.221 365.880 365.806 365.621 365.615 365.655 365.682 365.426 365.387 364.745 364.678 364.811 364.931 365.215
362.042 361.941 362.100 362.473 362.843 363.018 363.355 364.402 365.069 365.839 366.411 365.863 366.230 366.716 366.819 366.894 367.108 367.128 367.112 366.848 366.581 365.994 365.422 364.980 364.740 364.713 364.629 364.816 365.250 365.333 365.931 365.778 365.920 366.072 366.116 366.458 366.525 366.482 366.478 366.284 366.353 366.230 366.082 366.183 366.225 366.343 366.718 366.919 366.918 367.154 366.900 366.317 366.215 366.068 365.926 365.574 365.588 365.458 365.405 365.434 364.972 365.088 364.855 364.995 365.006 365.481 365.791
361.855 361.923 362.248 362.656 364.404 364.877 364.689 366.096 366.491 366.589 366.576 366.457 366.527 366.695 366.876 366.855 367.164 367.241 367.177 366.552 366.327 365.774 365.478 364.908 364.624 364.769 364.479 364.600 364.844 364.985 365.004 365.195 365.489 365.960 366.042 365.921 366.313 366.316 366.311 366.268 366.373 366.260 366.128 366.306 366.247 366.464 366.877 367.010 366.873 367.061 366.870 366.566 366.468 365.769 365.649 365.384 365.435 365.335 365.307 365.263 364.938 365.101 364.935 365.358 365.414 365.873 366.044
362.021 362.326 363.168 363.629 364.596 365.722 366.253 366.821 366.454 366.655 366.611 366.460 366.628 366.647 366.836 366.982 367.171 366.930 366.724 366.514 366.165 365.927 365.646 365.247 364.644 364.621 364.476 364.487 364.668 364.638 364.859 364.666 364.563 365.039 365.280 365.039 365.784 366.154 366.244 366.178 366.181 366.216 366.036 366.177 366.373 366.492 366.702 366.767 366.823 367.001 366.818 366.493 366.369 365.818 365.290 365.460 365.401 365.254 365.278 365.249 365.228 365.272 365.348 365.364 365.666 366.275 366.446
362.234 362.756 364.895 365.414 365.675 366.339 366.482 366.744 366.577 366.831 366.715 366.618 366.629 366.745 366.852 366.949 367.017 366.706 366.435 366.344 366.228 366.093 365.921 365.325 364.741 364.674 364.305 364.340 364.478 364.220 364.442 364.282 364.179 364.054 364.239 364.636 365.118 365.048 365.277 365.910 365.727 365.914 366.208 366.027 366.113 366.446 366.567 366.630 366.542 366.518 366.584 366.265 366.145 365.716 365.585 365.498 365.416 365.421 365.553 365.662 365.912 365.749 365.660 365.584 366.116 366.712 366.526
362.739 363.866 365.508 366.575 366.730 366.909 366.763 366.810 366.705 366.854 366.762 366.721 366.690 366.813 366.883 366.805 366.771 366.479 366.741 366.863 366.832 367.061 366.496 365.366 364.818 364.609 364.441 364.357 364.299 364.173 364.140 364.062 363.921 364.000 363.933 364.208 364.079 364.227 364.593 365.104 365.485 365.083 366.027 365.840 365.936 366.338 366.511 366.369 365.728 365.791 366.021 365.741 366.193 365.792 365.910 365.823 365.616 365.748 366.060 366.582 366.575 365.997 366.228 366.157 366.423 367.008 366.729
364.172 365.442 366.059 367.026 367.267 367.384 367.142 366.941 367.114 367.090 367.098 366.846 367.069 367.150 367.098 367.145 366.947 367.040 367.457 367.980 367.214 367.536 366.724 366.164 364.683 364.616 364.362 364.444 364.202 364.165 364.155 364.027 363.921 364.001 364.006 363.971 363.894 364.067 363.970 364.101 364.332 364.438 365.196 365.401 365.879 365.432 365.940 364.978 364.679 364.709 364.982 365.767 366.144 366.295 366.376 366.039 366.263 366.462 367.043 367.708 367.073 367.557 366.929 367.459 367.280 367.685 367.381
365.777 366.165 367.297 367.559 367.189 367.059 367.342 367.336 367.251 367.149 367.328 367.054 367.466 367.380 367.722 367.440 367.391 367.871 368.171 368.193 368.359 367.841 367.113 366.822 365.228 364.505 364.286 364.407 364.262 364.094 364.313 364.058 364.124 363.982 363.914 364.035 364.103 364.025 363.640 363.762 363.788 364.158 364.661 364.635 365.209 365.377 364.633 363.543 363.336 363.450 364.139 365.718 366.217 367.213 366.883 367.208 367.059 367.683 368.022 367.934 368.195 368.508 368.622 368.447 367.985 369.103 368.845
367.579 367.697 367.813 367.810 367.513 367.387 367.642 367.698 367.562 367.520 367.501 367.367 367.581 367.491 367.793 367.821 367.926 368.098 368.149 368.252 368.306 367.606 367.330 367.017 365.814 365.023 364.402 364.527 364.207 364.216 364.221 364.277 364.280 364.141 363.963 363.806 363.977 363.721 363.479 363.378 363.680 363.719 363.787 363.380 363.896 364.752 363.395 362.692 362.315 362.132 363.635 365.147 366.333 367.257 367.795 368.401 368.517 368.336 368.235 368.617 368.687 369.056 369.364 369.375 369.424 369.886 369.803
368.035 368.036 367.959 367.973 367.835 367.717 367.838 367.821 367.942 368.215 367.935 367.770 367.568 367.595 368.014 368.094 368.023 368.016 367.973 368.133 368.193 367.486 367.339 366.922 366.598 366.039 365.308 365.019 364.417 364.543 364.421 364.585 364.308 364.434 364.174 363.978 364.086 363.617 363.688 363.602 363.645 363.801 363.737 363.559 363.595 364.050 363.536 362.556 362.305 362.672 363.167 364.676 366.956 367.748 368.245 368.682 368.923 369.187 369.067 369.049 369.276 369.693 369.510 369.787 369.849 369.821 369.694
368.040 368.083 367.988 367.994 367.928 368.204 368.223 368.273 368.514 368.719 368.597 368.192 368.131 366.883 367.580 367.381 367.022 367.335 367.871 367.574 367.574 367.463 367.224 367.120 366.847 366.555 366.054 365.245 364.851 364.808 364.607 364.752 364.367 364.485 364.410 364.107 363.958 363.556 363.683 363.657 363.762 363.896 363.845 363.763 363.959 363.522 363.108 363.007 362.354 362.895 363.282 364.287 366.468 367.464 368.428 368.769 369.043 369.596 369.208 369.212 369.899 369.901 369.808 369.603 369.748 369.779 369.562
368.063 368.148 368.093 367.940 368.338 368.420 368.300 368.406 368.352 368.674 368.728 368.618 367.393 365.659 365.630 365.611 364.567 365.652 366.572 367.078 367.217 367.244 367.104 367.244 367.048 366.855 366.827 366.422 365.690 365.168 365.012 365.099 364.859 364.724 364.529 364.342 364.132 363.887 363.711 363.682 363.967 363.719 364.375 364.210 364.166 364.335 363.485 363.308 362.855 362.569 363.321 364.324 366.201 366.852 367.880 368.555 368.944 369.408 369.257 369.545 369.635 369.734 369.834 369.743 369.532 369.274 369.055
368.112 368.121 368.203 368.157 368.316 368.297 368.132 368.359 368.582 368.604 368.639 367.539 364.904 363.948 363.383 363.856 363.604 363.810 364.556 365.942 366.797 366.954 367.009 367.143 367.216 367.122 366.877 366.623 366.462 365.976 365.749 365.237 365.045 364.739 364.503 364.428 364.143 364.241 363.919 363.818 364.019 363.975 364.566 364.572 364.642 364.706 364.611 364.341 363.901 363.287 363.151 363.814 365.051 365.980 366.695 367.912 368.671 368.890 369.480 369.235 369.505 369.414 369.629 369.355 368.746 367.651 367.026
