Results_IR_11145toIR_11146/Ir_11145shifted.txt
NCOLS 640
NROWS 480
XLLCORNER 0
YLLCORNER 0
CELLSIZE 1
NODATA_VALUE -9999
[rows 232 to 260 of 480, columns 469 to 535 of 640]
374.011 373.737 373.933 373.620 373.777 373.816 373.659 372.917 372.644 372.761 372.605 371.277 371.042 370.925 370.847 370.652 370.691 370.808 369.714 370.066 369.753 369.519 369.128 368.737 368.503 368.347 368.425 368.581 369.011 368.933 369.206 369.245 368.933 368.933 368.034 368.230 367.995 367.839 367.604 367.292 366.432 366.002 365.573 363.853 364.322 365.338 365.924 366.315 366.550 366.940 367.097 366.979 367.018 366.784 366.081 365.729 365.651 365.651 365.963 366.315 366.042 365.573 364.635 364.791 364.088 363.931 364.049
373.737 373.698 373.855 373.698 373.464 373.113 373.034 372.995 372.722 372.644 372.683 371.277 370.925 369.714 368.073 368.269 369.441 370.534 369.714 369.870 369.675 369.363 369.284 368.386 368.269 368.112 368.112 368.503 368.816 368.894 369.050 369.050 368.386 368.112 367.878 367.878 367.878 367.800 367.331 367.292 366.589 365.651 365.924 364.987 364.791 365.924 366.198 366.393 366.745 366.784 367.057 367.331 366.550 366.628 365.963 365.729 365.924 365.534 365.846 366.120 366.159 366.198 364.479 364.557 364.127 364.127 363.814
373.269 373.425 373.386 373.620 373.308 372.995 372.956 372.995 372.917 372.214 372.722 371.238 370.886 367.331 367.487 367.370 368.503 369.089 369.245 369.323 369.597 369.206 369.089 368.034 367.995 367.995 368.112 368.464 368.620 368.659 368.386 368.347 368.230 367.292 367.644 367.995 367.448 366.784 367.292 367.097 366.550 365.924 365.768 364.947 365.729 365.807 366.315 366.237 366.471 366.667 366.628 366.823 366.432 366.667 365.963 365.729 365.768 365.729 365.807 366.237 366.315 365.963 365.612 364.479 364.127 364.088 363.971
372.917 372.761 373.034 373.230 373.347 372.995 373.308 372.683 372.800 372.839 371.316 369.323 367.331 367.370 367.604 367.761 368.151 368.425 369.245 369.011 369.089 368.972 368.425 368.190 367.644 367.722 367.995 368.151 368.308 368.151 368.151 367.956 367.331 367.175 367.448 367.292 367.097 365.963 366.237 366.667 365.651 365.299 365.573 365.104 365.651 366.276 366.042 366.198 366.471 366.471 365.963 366.628 365.182 365.377 364.869 365.338 365.534 365.612 365.416 365.612 365.885 365.612 365.026 364.557 364.400 364.400 364.713
372.019 372.370 372.566 373.347 372.878 372.917 372.917 372.722 372.605 370.495 370.222 367.604 367.331 367.526 367.839 367.917 368.190 367.917 368.151 368.659 368.503 367.995 367.604 367.448 367.175 366.823 367.565 367.097 367.604 366.706 367.565 367.057 366.823 366.432 365.924 365.455 365.182 364.479 365.182 364.635 365.104 365.221 365.416 365.885 365.416 366.081 366.042 366.002 365.885 365.807 364.713 363.971 363.502 363.931 363.619 364.322 364.049 364.596 364.987 365.026 365.182 365.104 365.065 364.674 364.557 364.635 364.322
368.816 370.456 371.511 372.292 372.449 372.605 372.644 372.722 369.909 368.073 367.565 367.292 367.644 367.565 367.565 368.190 368.034 367.683 367.644 367.526 367.604 366.667 366.628 365.455 365.612 366.159 367.018 367.097 366.940 366.550 367.097 366.315 366.276 366.393 365.182 364.987 364.400 363.931 364.127 364.049 364.361 364.361 365.612 365.690 365.104 365.963 365.963 365.612 364.987 365.143 362.954 363.345 363.541 364.361 363.658 363.384 364.166 364.322 364.869 364.947 364.674 365.026 364.596 364.987 365.182 364.439 364.166
368.034 367.800 367.839 369.441 372.058 372.527 370.339 367.917 367.722 367.175 367.097 367.214 367.761 368.269 367.839 367.917 367.839 367.604 367.604 366.901 365.885 365.963 365.534 365.534 365.729 367.604 367.175 368.073 367.878 367.722 366.354 366.237 365.846 365.768 365.534 365.104 365.065 364.361 364.205 364.010 363.931 363.814 364.635 364.830 364.791 365.338 364.908 364.596 363.228 362.525 362.915 362.485 363.423 364.166 364.596 363.931 364.439 364.479 364.596 364.830 364.791 365.143 364.869 365.260 364.947 364.244 364.166
367.956 367.683 367.604 368.073 369.831 368.034 367.839 367.487 367.526 367.057 367.448 367.370 367.448 367.448 367.409 367.057 367.604 367.409 366.901 366.042 365.221 364.947 365.612 365.963 367.956 368.386 368.034 368.269 367.722 366.979 366.550 366.432 366.120 365.885 365.495 365.299 364.908 364.518 364.205 364.557 363.971 363.775 363.736 363.931 364.674 364.166 363.853 362.564 362.016 362.251 362.173 363.189 363.189 363.580 363.892 364.322 364.596 364.674 364.635 365.026 365.416 365.221 365.338 364.830 364.479 364.596 365.026
367.644 367.761 367.331 367.448 367.878 367.800 367.448 367.057 367.214 367.057 367.214 367.253 366.784 367.136 367.292 367.487 366.940 366.667 366.628 366.354 367.097 366.198 368.151 367.917 368.308 368.190 368.464 368.347 367.644 367.175 366.940 366.667 366.198 366.120 366.120 365.768 365.885 365.963 365.690 364.557 364.479 364.987 364.635 364.557 364.283 364.283 364.049 363.697 362.759 362.368 362.134 362.915 363.853 364.010 364.088 365.299 365.182 366.081 366.002 365.729 365.416 365.416 365.065 365.299 364.596 365.377 365.807
367.448 367.370 367.253 367.956 368.308 367.800 368.073 367.683 368.034 367.175 367.057 367.175 367.136 367.214 367.331 367.214 366.979 367.604 367.409 367.057 367.956 368.269 368.620 368.620 368.112 368.190 367.604 367.331 367.331 366.823 366.901 366.784 366.589 366.628 366.550 366.315 366.002 366.432 366.901 367.018 366.667 366.276 366.471 365.924 364.908 364.205 364.322 366.081 364.010 362.876 362.994 363.736 363.853 364.557 365.182 366.862 366.979 366.237 365.924 365.651 365.495 365.143 365.416 365.416 365.846 365.690 365.924
368.190 367.526 367.917 368.425 367.995 368.503 368.542 368.777 367.800 367.800 367.409 367.409 367.331 367.526 368.034 367.878 367.995 368.269 367.722 367.839 368.347 368.425 368.581 368.698 368.581 367.995 367.604 367.526 367.214 367.057 366.940 366.706 366.823 366.550 366.042 366.002 366.979 367.839 369.128 367.956 367.370 366.979 367.292 367.331 366.510 366.393 366.510 367.253 366.315 364.713 364.205 365.104 366.081 365.885 365.885 366.745 366.628 365.416 365.026 364.987 364.908 365.260 365.377 365.807 365.690 366.159 366.276
369.714 370.261 370.222 369.050 369.402 368.503 369.050 368.464 367.839 367.917 367.917 367.683 367.722 367.839 367.878 367.722 368.151 368.112 367.839 368.112 368.073 368.308 368.503 368.308 368.073 367.956 367.683 367.526 367.565 367.214 367.057 367.136 367.018 366.667 365.846 367.292 369.128 368.777 368.698 368.073 368.034 366.940 367.253 367.097 366.940 367.409 367.526 367.292 367.448 367.448 366.979 367.097 367.214 366.823 366.784 366.784 366.589 365.377 365.260 365.065 365.143 365.221 365.377 365.534 365.455 366.237 366.159
370.613 370.769 370.456 369.089 368.933 368.816 368.464 368.464 368.659 368.464 368.190 368.151 367.878 368.073 367.878 368.151 368.308 367.995 367.839 367.995 368.151 368.347 368.269 368.503 368.151 368.112 367.722 367.175 367.409 367.331 367.370 367.175 367.097 367.136 367.526 367.565 368.659 368.464 368.073 368.034 367.409 367.409 367.292 367.214 367.565 367.683 367.956 367.995 367.683 367.370 367.370 367.214 367.136 366.901 366.471 366.628 366.550 366.002 365.885 365.455 365.963 365.377 365.299 365.182 365.182 365.260 365.416
371.238 370.378 369.831 369.675 369.363 369.206 369.714 369.167 368.855 368.972 368.503 368.698 368.308 368.581 368.503 368.151 368.073 367.917 367.917 367.878 367.995 368.190 368.425 368.269 368.269 368.581 367.917 367.644 367.722 367.878 367.370 367.448 367.878 367.292 367.604 368.855 368.777 368.269 368.190 367.644 367.526 367.448 367.214 367.214 367.604 367.800 367.761 367.800 367.917 367.487 367.214 366.667 367.057 366.901 366.550 366.823 366.901 366.042 366.276 366.354 365.885 365.729 365.455 365.104 365.065 365.026 364.283
370.378 370.183 370.613 369.909 370.222 369.792 370.183 370.183 370.066 369.714 370.691 369.909 369.597 369.870 369.636 368.347 368.034 368.347 367.956 368.190 369.831 368.659 369.402 369.480 370.925 370.730 371.003 370.378 369.675 369.011 368.816 368.386 368.073 368.112 368.425 368.073 367.839 368.112 368.073 368.034 367.878 367.878 367.956 367.995 367.526 367.995 367.878 367.800 368.151 367.604 367.018 366.550 366.315 366.823 366.979 366.628 367.214 366.550 366.706 366.510 366.471 365.690 365.455 365.377 364.869 364.830 364.283
369.753 369.870 370.066 369.753 369.753 370.339 370.495 370.222 370.417 370.574 371.238 371.589 371.199 371.003 370.964 370.730 370.144 370.066 370.925 370.964 371.199 371.706 371.277 371.784 371.394 370.925 371.120 370.417 370.691 370.417 368.855 368.347 368.308 368.386 368.659 367.722 367.370 367.565 367.995 368.190 368.386 367.995 368.737 367.956 367.995 367.644 367.800 368.034 367.722 367.292 367.136 366.706 366.393 366.120 366.393 366.706 366.979 366.862 366.823 366.823 366.628 366.002 365.846 365.768 364.947 364.869 364.830
369.519 369.050 370.105 370.261 370.066 370.339 370.417 370.847 371.199 371.277 373.034 372.722 372.409 372.058 371.824 371.238 370.964 371.238 371.433 371.550 371.316 371.589 371.550 371.745 371.667 371.316 371.433 371.081 370.417 370.574 368.933 368.620 368.698 368.737 367.800 368.151 367.761 367.526 368.151 368.230 368.542 368.737 368.777 367.995 367.683 367.839 367.683 367.956 367.956 367.448 367.292 367.370 366.550 367.292 366.159 367.214 367.722 367.253 367.214 367.136 366.784 366.432 366.237 365.963 365.534 364.791 364.791
368.855 369.323 369.792 369.441 369.206 370.183 371.472 371.081 371.941 372.058 372.683 372.058 372.214 371.667 371.003 370.925 370.300 371.159 371.120 371.433 371.316 371.238 371.472 371.277 371.394 371.159 371.120 370.925 370.730 369.636 369.089 368.972 369.167 369.323 368.386 368.269 367.409 367.956 367.448 367.956 368.777 368.581 368.112 367.995 367.995 367.878 367.995 367.995 367.995 367.644 367.370 367.409 367.761 367.917 366.706 367.604 367.917 367.409 367.604 367.448 366.784 366.667 366.198 366.002 365.885 365.885 365.377
368.737 368.777 368.620 368.972 369.206 370.105 371.081 372.136 372.449 372.331 372.566 371.433 370.886 370.456 370.652 370.183 370.222 370.417 370.652 371.003 371.081 371.472 371.199 371.042 371.159 371.081 370.574 370.183 370.574 369.323 369.245 369.441 369.050 368.816 368.464 368.034 368.347 368.190 367.487 367.995 368.034 367.995 368.112 368.112 367.878 368.112 368.386 368.151 368.073 368.464 368.308 367.644 367.995 368.151 367.878 368.190 367.722 367.175 367.487 367.409 366.823 366.901 366.550 366.120 366.550 366.276 366.471
368.777 368.777 368.737 368.698 369.050 370.144 371.472 371.784 371.472 372.214 369.988 370.574 369.519 370.378 369.792 370.261 370.066 370.456 370.222 370.339 370.847 370.730 370.652 370.886 371.042 370.808 370.339 370.495 369.050 369.128 368.894 368.894 368.816 368.698 368.816 368.464 368.269 368.269 368.230 368.230 368.542 368.034 368.425 368.308 368.386 369.011 368.933 368.425 368.542 368.737 368.581 368.425 368.464 368.698 368.269 367.800 367.878 367.722 368.151 367.644 367.409 366.510 366.706 366.745 366.901 366.979 367.018
369.519 368.659 368.777 368.777 368.894 369.128 370.652 370.144 370.574 369.558 369.519 370.300 369.675 369.636 369.636 369.870 370.066 370.105 369.636 369.831 369.909 370.691 370.300 370.417 369.988 369.597 369.441 369.558 369.128 368.816 368.737 368.581 368.542 368.464 368.737 368.503 368.425 368.503 368.347 368.503 368.659 368.542 369.011 369.011 369.050 369.792 370.027 369.480 368.855 368.698 369.011 369.128 368.698 368.620 368.386 368.073 367.565 367.526 368.073 368.659 368.816 368.425 367.487 367.722 367.800 367.917 366.979
369.714 368.894 369.323 369.323 369.206 368.894 369.831 369.284 368.464 369.441 369.245 369.753 369.792 369.558 369.402 369.831 369.011 367.839 367.761 369.167 368.425 369.363 369.909 369.909 369.206 369.167 369.050 369.167 368.972 368.816 368.464 368.269 368.190 368.425 368.894 368.777 369.167 368.503 368.386 368.230 368.464 368.620 368.972 369.167 369.011 369.597 370.261 369.870 369.831 369.870 368.972 369.206 369.050 369.128 368.894 368.230 367.683 367.331 368.230 368.855 369.128 368.698 369.245 367.995 368.425 368.073 367.800
370.222 369.675 369.831 369.441 369.402 369.011 369.128 369.284 368.464 367.956 368.777 368.855 368.659 368.855 368.620 368.347 368.777 367.331 367.409 367.175 367.878 369.245 369.753 368.972 369.753 369.284 369.558 369.011 368.659 368.620 368.230 368.190 368.112 368.269 368.464 368.542 368.581 368.503 368.347 368.698 368.230 368.386 368.464 368.620 369.050 369.714 370.144 370.261 370.027 369.870 369.948 369.519 369.206 368.737 369.011 368.151 367.644 367.917 367.995 368.933 369.206 369.011 369.011 368.816 368.620 368.503 367.878
370.730 370.261 370.339 369.441 369.870 369.870 368.933 368.777 368.190 367.995 368.503 368.659 368.620 368.777 368.503 368.073 367.683 367.253 367.331 367.331 367.448 368.581 368.737 369.050 369.363 369.402 369.480 369.402 369.480 368.972 368.503 368.151 368.151 367.956 368.151 369.011 368.894 368.698 368.933 368.777 368.190 367.800 368.347 369.011 369.675 369.988 370.027 370.183 370.183 369.792 369.792 370.027 369.558 369.323 368.855 368.347 368.112 367.761 368.230 368.972 369.441 369.167 369.050 369.245 368.777 368.503 368.034
371.159 370.495 370.964 370.691 370.222 370.183 369.870 368.737 368.855 368.425 368.620 368.698 368.620 369.011 369.753 370.105 368.972 369.206 368.698 368.659 367.800 368.737 369.558 369.831 370.027 369.792 369.636 369.597 369.792 369.519 369.402 367.839 368.112 368.073 368.347 367.839 368.230 368.386 368.620 368.581 367.370 366.198 367.526 368.034 369.988 370.222 370.105 370.261 370.066 369.988 370.105 369.753 370.105 369.519 368.777 368.503 368.386 369.089 369.206 369.441 369.245 369.402 369.441 369.597 369.050 369.675 368.737
371.902 371.589 372.605 371.472 370.886 370.691 369.480 369.206 369.050 368.581 368.698 369.089 369.675 370.613 371.120 370.886 370.886 370.222 370.105 368.855 368.816 369.909 370.417 369.988 370.105 369.948 369.988 370.027 369.753 369.675 369.441 369.284 367.878 367.604 367.839 367.683 367.370 367.683 368.503 368.503 367.018 365.495 366.550 367.409 369.089 369.323 369.558 370.105 369.675 369.988 370.261 369.831 369.597 369.245 368.737 368.151 368.659 369.323 369.402 370.027 369.675 369.988 369.714 370.339 370.574 370.456 370.495
372.761 372.644 372.409 371.277 371.199 371.042 371.042 370.456 369.441 369.909 369.050 370.027 370.417 370.886 371.355 371.316 371.159 370.691 370.495 369.792 369.636 370.886 370.339 370.183 370.183 370.183 369.988 369.753 369.792 369.675 369.480 369.089 367.761 367.800 367.292 367.487 368.308 368.386 368.269 367.292 366.002 365.807 366.042 366.706 369.284 369.402 369.323 369.714 369.948 370.105 369.909 369.558 369.206 368.581 368.190 368.112 369.128 368.855 370.105 370.222 370.261 370.574 370.183 370.574 370.183 370.534 370.613
373.073 372.527 372.370 371.511 371.277 371.238 371.433 370.925 370.261 370.652 371.511 370.534 371.667 371.081 370.769 371.433 371.238 370.964 371.120 370.925 370.691 370.691 370.417 370.378 370.378 370.183 370.027 369.909 369.792 369.597 369.402 368.190 367.956 367.722 367.644 367.722 368.464 368.464 368.620 367.253 365.416 365.729 366.393 366.393 367.722 368.659 368.894 369.128 369.909 369.988 369.675 369.245 368.230 367.917 367.956 367.683 368.581 368.581 370.222 370.378 371.394 370.261 370.613 369.988 370.378 370.417 369.988
372.956 372.956 372.605 371.863 371.706 371.667 371.667 372.175 371.980 371.824 372.409 372.097 371.824 371.589 371.667 371.628 371.277 371.081 371.433 371.550 370.886 370.730 370.300 370.261 370.222 370.027 369.870 369.753 369.753 369.675 369.245 368.542 368.073 368.542 368.620 368.347 369.011 368.855 369.363 368.230 367.253 366.550 367.097 366.823 368.503 368.737 368.972 368.894 369.206 369.402 368.972 368.581 367.604 367.487 367.370 368.151 368.386 369.402 370.339 371.628 371.824 371.277 370.027 370.066 369.753 368.816 368.933
