Results_IR_11145toIR_11146/Ir_11146shifted.txt
NCOLS 640
NROWS 480
XLLCORNER 0
YLLCORNER 0
CELLSIZE 1
NODATA_VALUE -9999
[rows 174 to 202 of 480, columns 0 to 66 of 640]
325.417 325.810 325.811 325.988 326.115 325.455 324.449 322.941 323.411 323.742 325.882 328.000 328.128 327.746 327.525 326.592 326.615 327.216 327.719 326.954 325.647 324.378 323.318 322.507 322.813 322.279 322.250 322.209 322.122 321.816 322.064 322.325 322.595 322.413 322.704 322.649 323.277 324.535 327.760 328.462 328.147 327.336 327.087 326.705 325.150 324.465 324.784 324.187 323.944 323.491 323.533 323.235 322.709 322.173 321.483 322.520 322.240 322.839 323.408 325.202 325.863 326.832 326.951 327.172 325.905 328.381 327.974
325.238 325.030 325.262 325.006 324.647 323.466 323.302 322.988 323.181 324.102 324.418 325.612 325.332 325.560 325.677 325.548 325.927 326.329 326.180 324.419 324.300 324.026 322.804 322.428 322.201 322.203 322.468 322.525 322.505 322.116 322.571 322.672 322.685 322.506 322.527 322.110 322.611 324.591 326.695 327.429 326.588 325.454 326.497 327.102 326.177 324.421 323.963 323.800 323.843 323.962 323.809 323.153 321.686 321.474 320.674 321.991 321.781 322.210 322.277 323.870 326.839 330.345 330.246 329.797 326.890 326.051 324.466
324.206 324.650 324.808 324.263 322.766 321.730 323.290 323.231 325.015 324.274 323.239 324.237 323.959 324.432 325.171 325.843 326.013 325.444 324.020 324.128 324.370 324.397 324.021 322.850 322.323 322.433 322.779 323.112 322.950 322.760 322.879 322.928 322.540 322.357 322.195 322.794 324.312 325.289 325.961 323.649 323.019 323.674 325.575 326.379 325.309 322.717 321.999 321.884 322.289 323.231 324.000 323.153 323.542 324.402 323.132 323.006 323.145 323.662 322.993 322.604 325.477 326.661 326.457 326.018 324.015 322.577 323.471
322.662 322.574 323.015 322.235 321.122 321.857 322.760 324.538 326.249 324.392 322.650 322.955 322.667 323.782 325.595 326.327 326.353 324.571 324.569 324.894 324.419 324.621 324.210 323.838 323.127 322.697 322.797 323.089 323.289 323.338 322.782 322.534 322.456 322.339 322.771 324.238 325.836 324.522 324.606 322.528 322.934 324.178 325.418 323.395 322.757 320.828 321.339 320.366 320.262 320.753 321.424 322.846 326.516 328.750 326.348 325.913 325.190 325.453 323.020 322.329 322.667 322.837 323.814 323.609 322.191 321.496 323.074
321.265 321.412 320.656 320.658 321.503 323.387 323.743 323.811 325.391 325.032 323.461 321.896 321.281 322.794 325.448 326.020 325.817 325.340 325.381 324.389 323.772 324.995 326.038 325.627 324.666 323.675 323.419 323.568 324.271 323.374 323.260 322.763 322.749 323.176 322.345 322.988 324.569 324.217 323.284 322.559 322.396 322.809 320.684 319.646 319.696 321.051 321.407 321.017 321.736 321.214 321.254 322.849 325.953 325.026 325.269 325.480 322.858 321.627 319.815 318.807 320.225 319.892 320.280 319.377 317.698 317.681 318.650
321.478 322.129 321.437 322.166 323.253 324.140 323.133 323.167 323.617 323.530 322.895 321.248 321.409 323.697 325.533 326.119 325.793 324.703 323.657 321.568 321.933 324.774 328.986 328.552 326.490 324.890 323.047 323.714 325.004 323.080 323.144 322.694 322.962 323.649 321.520 321.413 323.562 323.849 323.662 322.946 322.370 321.572 318.876 318.260 317.328 319.326 320.335 320.329 321.770 319.794 318.509 320.768 323.566 320.952 321.003 322.473 320.965 318.859 316.363 316.256 316.142 315.999 316.299 315.833 315.253 315.208 315.114
322.542 323.134 323.994 323.808 323.753 323.808 323.168 323.925 324.384 323.561 322.543 321.917 322.690 323.451 323.382 323.044 322.858 322.334 321.924 321.350 321.818 323.661 326.643 326.975 326.465 325.335 321.895 321.690 322.696 322.666 323.502 323.591 323.909 324.247 322.582 321.830 321.223 321.519 323.034 322.193 323.078 322.233 317.705 317.079 316.216 317.177 317.380 317.423 317.650 315.566 315.463 315.875 317.077 316.633 316.503 316.115 316.315 315.411 315.423 315.629 315.783 315.530 315.229 315.230 315.067 315.016 314.779
324.405 324.109 325.894 325.376 324.131 323.774 324.565 325.057 325.123 323.678 322.308 322.260 322.732 321.434 318.593 317.846 317.782 319.169 319.955 320.812 322.333 322.620 321.844 321.756 323.198 323.134 321.344 321.268 321.488 321.274 321.011 321.141 323.562 323.290 320.868 318.307 318.462 320.314 324.190 323.882 322.674 319.985 316.590 316.070 315.424 315.497 315.349 315.141 315.162 315.213 315.252 315.091 314.821 314.735 314.897 314.645 314.987 314.968 315.161 315.477 315.440 315.481 315.164 315.023 314.951 314.890 314.398
324.197 324.450 325.663 324.799 323.902 323.767 325.365 325.780 324.297 322.527 320.640 320.177 320.402 318.835 316.619 316.736 317.704 319.570 319.386 319.675 322.133 323.703 320.701 320.717 321.200 320.590 320.199 320.712 320.588 320.079 319.581 319.761 320.633 320.380 317.236 315.361 316.282 319.450 322.982 321.944 320.040 315.944 315.362 315.537 315.279 315.011 314.675 315.018 314.924 315.111 314.934 314.827 314.479 314.435 314.151 314.680 314.812 314.712 314.794 315.076 315.080 315.337 314.993 314.914 314.918 314.828 314.394
321.011 322.498 325.248 324.559 323.674 322.887 324.428 325.391 324.691 320.196 316.772 316.057 316.232 316.119 315.127 315.439 316.873 318.292 318.797 317.802 318.871 319.542 317.120 316.812 319.278 318.357 317.915 317.764 316.936 316.337 315.861 316.174 317.519 318.370 315.482 315.130 315.362 315.753 316.760 315.534 314.671 314.706 314.685 315.180 314.708 314.968 314.568 314.766 314.798 314.983 314.714 314.668 314.485 314.416 314.289 314.449 314.614 314.581 314.538 314.639 314.778 314.826 314.855 314.866 314.787 314.699 314.527
317.308 320.443 325.143 324.755 321.644 320.028 319.775 320.964 320.242 316.620 314.995 315.115 315.002 315.098 314.984 315.011 315.111 315.226 315.212 315.171 315.184 314.956 314.800 314.863 314.955 314.964 314.719 314.815 314.589 314.955 314.793 314.834 315.293 315.023 315.053 314.911 314.887 314.756 314.822 314.544 314.491 314.428 314.560 314.391 314.533 314.908 314.426 314.658 314.855 314.756 314.662 314.542 314.471 314.387 314.355 314.475 314.421 314.334 314.427 314.312 314.493 314.623 314.691 314.720 314.659 314.583 314.600
316.154 317.629 320.359 318.971 317.230 315.858 315.560 315.226 315.298 315.033 314.795 314.899 314.880 315.029 314.948 315.086 314.976 315.098 314.979 314.936 314.877 314.963 314.700 314.715 314.631 314.751 314.545 314.597 314.536 314.855 314.506 314.484 314.533 314.567 314.568 314.661 314.606 314.587 314.404 314.415 314.462 314.563 314.488 314.278 314.244 314.548 314.631 314.526 314.839 314.499 314.310 314.362 314.361 314.347 314.297 314.335 314.357 314.322 314.411 314.414 314.437 314.430 314.618 314.631 314.560 314.474 314.333
315.417 315.551 315.545 315.423 315.524 315.490 314.744 314.809 314.757 314.766 314.682 314.734 314.820 314.873 314.870 314.937 314.987 315.041 315.056 315.099 314.984 314.818 314.648 314.465 314.333 314.433 314.460 314.461 314.467 314.424 314.363 314.379 314.434 314.380 314.462 314.533 314.216 314.335 314.526 314.416 314.466 314.521 314.536 314.366 314.065 314.232 314.311 314.405 314.515 314.323 314.502 314.262 314.328 314.291 314.271 314.252 314.236 314.259 314.313 314.315 314.335 314.352 314.370 314.604 314.380 314.347 314.205
315.106 315.156 315.053 315.150 314.979 315.027 314.797 314.709 314.661 314.782 314.739 314.680 314.728 314.929 314.813 314.894 314.899 314.871 314.934 314.949 314.809 314.635 314.423 314.338 314.294 314.310 314.359 314.268 314.479 314.299 314.357 314.401 314.392 314.408 314.463 314.387 314.339 314.388 314.263 314.347 314.375 314.346 314.600 314.075 314.148 314.187 314.303 314.368 314.223 314.140 314.343 314.249 314.300 314.241 314.122 314.260 314.141 314.205 314.293 314.290 314.362 314.460 314.464 314.576 314.447 314.306 314.222
315.009 315.014 315.135 315.155 314.942 315.010 314.789 314.645 314.724 314.863 314.608 314.771 314.562 314.774 314.691 314.918 314.783 314.842 314.752 314.811 314.754 314.483 314.488 314.276 314.217 314.329 314.292 314.193 314.350 314.321 314.307 314.342 314.271 314.432 314.442 314.445 314.391 314.375 314.320 314.376 314.327 314.373 314.359 314.139 314.174 314.263 314.445 314.459 314.266 314.463 314.378 314.281 314.509 314.374 314.121 314.228 314.002 314.229 314.372 314.276 314.408 314.551 314.567 314.557 314.538 314.504 314.340
314.988 315.040 315.202 314.966 314.933 315.007 314.699 314.727 314.725 314.542 314.592 314.697 314.536 314.665 314.498 314.772 314.742 314.638 314.719 314.630 314.448 314.330 314.406 314.266 314.199 314.253 314.339 314.321 314.392 314.295 314.223 314.220 314.293 314.477 314.443 314.374 314.476 314.348 314.396 314.341 314.326 314.366 314.454 314.218 314.427 314.391 314.480 314.551 314.402 314.570 314.411 314.662 314.588 314.391 314.294 314.287 314.128 314.187 314.530 314.285 314.582 314.609 314.536 314.590 314.591 314.523 314.538
315.200 314.967 314.908 314.768 314.708 314.719 314.641 314.570 314.489 314.412 314.504 314.478 314.541 314.465 314.333 314.436 314.514 314.742 314.719 314.652 314.551 314.028 314.196 314.211 314.185 314.272 314.256 314.283 314.269 314.219 314.173 314.247 314.283 314.384 314.493 314.433 314.528 314.425 314.460 314.436 314.400 314.573 314.582 314.351 314.512 314.450 314.533 314.478 314.484 314.715 314.791 314.738 314.555 314.407 314.361 314.327 314.217 314.513 314.537 314.432 314.538 314.624 314.679 314.691 314.629 314.543 314.564
314.619 314.811 314.696 314.692 314.654 314.716 314.611 314.437 314.225 314.393 314.161 314.392 314.320 314.466 314.332 314.330 314.399 314.486 314.631 314.566 314.527 314.374 314.038 314.144 314.228 314.337 314.201 314.253 314.236 314.156 314.173 314.255 314.365 314.406 314.552 314.573 314.516 314.505 314.641 314.580 314.591 314.610 314.617 314.521 314.526 314.490 314.479 314.477 314.562 314.774 314.764 314.752 314.693 314.473 314.476 314.354 314.448 314.419 314.576 314.546 314.622 314.834 314.733 314.794 314.765 314.659 314.674
314.456 314.522 314.642 314.589 314.600 314.598 314.515 314.523 314.187 314.121 314.175 314.277 314.411 314.478 314.369 314.426 314.388 314.458 314.605 314.485 314.495 314.164 314.067 314.158 314.280 314.328 314.275 314.197 314.205 314.123 314.193 314.276 314.392 314.404 314.519 314.498 314.400 314.569 314.658 314.668 314.676 314.663 314.620 314.634 314.601 314.606 314.488 314.486 314.642 314.763 314.649 314.761 314.703 314.577 314.562 314.599 314.675 314.593 314.807 314.732 314.806 314.982 314.894 314.899 314.952 314.922 314.844
314.353 314.385 314.594 314.493 314.693 314.574 314.591 314.325 314.237 314.159 314.178 314.233 314.500 314.486 314.358 314.411 314.398 314.388 314.542 314.467 314.325 314.174 314.321 314.132 314.376 314.408 314.352 314.238 314.184 314.178 314.290 314.359 314.506 314.470 314.555 314.522 314.638 314.646 314.649 314.749 314.693 314.750 314.693 314.664 314.715 314.605 314.570 314.585 314.753 314.886 314.650 314.839 314.776 314.683 314.739 314.751 314.719 314.845 315.009 314.903 315.074 315.090 315.074 315.119 315.352 315.281 315.062
314.358 314.405 314.445 314.581 314.701 314.734 314.683 314.452 314.436 314.301 314.292 314.281 314.440 314.421 314.329 314.387 314.341 314.241 314.491 314.491 314.407 314.463 314.450 314.262 314.437 314.590 314.559 314.203 314.373 314.468 314.438 314.510 314.576 314.481 314.665 314.634 314.504 314.567 314.738 314.763 314.738 314.758 314.777 314.785 314.774 314.751 314.704 314.697 314.869 314.835 315.025 315.052 315.040 314.930 314.950 314.768 315.164 315.283 315.237 315.324 315.487 315.505 315.624 315.829 315.960 316.124 316.184
314.467 314.530 314.539 314.638 314.747 314.848 314.781 314.722 314.470 314.285 314.548 314.444 314.468 314.429 314.312 314.326 314.523 314.379 314.448 314.486 314.315 314.732 314.682 314.537 314.531 314.718 314.603 314.376 314.532 314.712 314.676 314.818 314.667 314.747 314.746 314.791 314.467 314.548 314.744 314.895 314.801 314.850 314.823 315.084 314.910 314.855 314.787 315.077 315.110 315.166 315.669 315.693 315.890 316.359 316.106 316.203 316.490 316.363 316.362 316.145 316.912 317.864 318.865 318.740 320.085 321.934 323.750
314.515 314.571 314.598 314.685 314.701 314.920 314.818 314.841 314.801 314.669 314.572 314.420 314.517 314.566 314.277 314.496 314.461 314.481 314.559 314.427 314.150 314.730 314.757 314.754 314.664 314.904 314.794 314.619 314.968 314.942 315.097 314.982 315.070 315.064 315.174 314.975 314.610 314.653 315.100 315.305 314.923 315.182 315.176 315.736 315.706 316.151 316.123 316.481 316.309 317.745 319.640 319.628 320.406 323.923 323.541 323.717 323.872 322.343 322.708 322.247 323.971 328.567 331.358 331.748 332.610 337.474 340.728
314.656 314.877 314.659 314.598 314.685 314.695 314.955 314.881 314.768 314.857 314.757 314.554 314.501 314.747 314.482 314.652 314.783 314.789 314.715 314.791 314.943 314.989 314.860 314.982 314.892 315.064 315.202 315.308 315.219 315.324 315.554 315.477 316.027 316.187 316.558 315.886 315.206 315.211 315.930 315.931 315.970 316.409 317.830 318.414 319.573 323.382 324.873 323.879 324.139 327.984 332.600 331.800 332.079 339.950 339.984 339.010 340.013 337.750 338.009 337.938 339.826 344.244 345.492 346.100 346.263 348.598 348.516
315.130 315.535 314.818 314.658 314.937 314.946 314.950 315.018 315.068 315.058 315.155 315.343 314.949 315.218 315.523 315.284 315.911 315.470 315.361 315.247 316.006 315.670 315.533 315.609 316.015 316.113 316.447 316.592 316.867 316.819 317.637 319.513 322.761 324.517 324.109 321.462 318.734 318.832 319.336 319.456 321.242 323.662 326.917 328.075 330.333 339.563 343.584 340.374 340.423 344.368 348.004 346.353 345.266 348.874 348.824 348.650 348.359 348.615 348.500 348.365 348.715 349.081 349.443 349.516 349.489 349.083 348.069
315.475 315.564 315.941 315.580 316.106 316.011 315.603 315.528 315.471 315.886 316.349 316.734 316.548 317.096 317.634 318.428 319.407 319.661 318.603 318.030 319.235 319.077 319.394 319.560 321.827 323.655 324.063 324.354 324.665 324.126 324.841 331.618 340.089 341.892 341.059 336.471 330.823 330.883 331.913 332.203 334.169 338.977 343.142 343.618 344.123 349.503 350.513 350.107 349.815 350.298 349.439 349.145 348.987 348.919 348.953 348.914 348.804 348.906 348.888 348.705 348.689 349.154 349.526 350.079 350.545 349.623 348.253
319.226 319.231 320.137 321.445 321.770 320.946 320.376 320.119 320.392 321.595 323.539 324.245 323.917 325.131 327.058 329.830 332.976 333.139 329.882 328.641 330.668 331.158 331.808 332.407 335.805 340.250 340.548 341.056 340.372 338.829 339.420 344.245 349.145 349.623 349.229 348.315 345.706 345.548 346.751 346.877 346.568 346.874 347.962 348.528 348.527 349.163 350.512 350.612 351.000 350.289 349.703 349.021 348.886 348.707 348.965 349.185 349.412 348.818 348.814 348.757 348.754 348.951 349.413 349.808 349.996 349.409 349.278
331.279 330.770 331.841 336.369 337.243 334.528 334.062 334.149 334.303 334.889 339.012 340.219 338.610 341.090 344.104 345.726 346.205 346.161 345.268 345.491 346.201 346.231 346.394 346.615 347.640 349.176 349.341 349.423 348.729 347.552 347.461 348.685 348.921 349.140 349.007 348.795 349.184 348.950 348.627 348.720 347.979 347.684 348.545 348.342 348.395 348.917 349.962 350.007 350.761 349.822 348.966 348.961 348.897 348.734 348.916 349.473 349.370 348.952 348.928 348.635 348.332 348.848 348.951 349.014 349.127 349.426 349.928
344.943 345.320 345.924 347.545 348.020 346.726 345.827 346.159 346.758 347.210 348.344 348.933 348.729 349.431 349.785 350.237 350.132 349.765 349.599 349.499 349.846 349.390 349.240 349.189 349.588 350.950 351.621 352.704 351.014 349.182 348.163 348.629 348.805 348.873 348.959 349.129 350.259 349.609 349.831 349.302 348.678 348.724 348.910 348.758 349.009 349.070 350.598 350.633 350.234 349.509 349.260 349.100 348.797 348.847 348.850 349.070 349.530 350.105 349.127 348.796 348.408 348.751 348.859 348.954 349.036 349.884 350.660
