Results_IR_11145toIR_11146/Ir_11146shifted.txt
NCOLS 640
NROWS 480
XLLCORNER 0
YLLCORNER 0
CELLSIZE 1
NODATA_VALUE -9999
[rows 145 to 173 of 480, columns 469 to 535 of 640]
317.561 315.912 316.422 315.684 315.385 315.885 316.596 316.687 316.276 316.385 316.760 316.935 316.652 315.932 315.022 314.711 314.838 314.630 314.658 314.686 314.832 315.914 314.461 314.238 314.819 317.403 318.654 316.483 315.248 315.084 314.767 314.683 315.092 314.584 314.681 315.028 315.230 315.457 315.280 314.612 314.578 314.478 314.375 314.214 314.137 314.253 314.328 314.173 313.935 313.623 313.726 314.100 314.038 314.665 314.217 314.151 314.107 314.020 313.944 314.057 314.548 313.841 314.020 313.862 313.782 313.664 313.469
315.002 314.765 314.650 314.316 314.362 314.750 314.542 314.640 314.428 314.512 314.668 314.911 314.273 314.267 314.232 314.414 314.358 314.290 314.190 314.176 314.197 314.206 314.121 314.080 314.176 314.802 314.348 314.309 314.201 314.260 314.067 314.178 314.395 314.370 314.466 314.634 314.676 314.388 314.259 314.055 314.302 314.044 314.192 314.079 314.091 314.053 314.108 314.020 313.850 313.855 313.970 313.720 313.689 313.863 313.985 313.960 313.983 314.014 313.895 313.923 313.844 313.780 313.751 313.735 313.855 313.856 313.509
314.212 314.361 314.279 314.471 313.912 314.469 314.331 314.058 314.240 314.296 314.308 314.175 314.173 314.049 313.907 314.205 314.507 313.833 313.766 313.990 314.095 314.078 314.004 314.053 314.015 314.088 314.082 313.933 313.875 313.832 314.035 314.099 313.967 314.228 314.179 314.306 314.301 313.939 314.097 313.827 313.895 313.966 314.040 314.065 313.954 313.834 313.959 313.946 313.825 313.759 313.676 313.934 313.545 313.809 313.774 313.821 313.993 313.866 314.013 314.027 313.766 313.899 313.971 313.813 313.855 314.029 313.490
314.156 314.230 313.924 313.902 314.220 314.352 314.196 314.369 314.246 314.241 314.100 314.032 313.963 313.918 314.021 314.298 314.125 313.930 313.956 314.001 313.931 313.943 313.987 314.053 313.938 314.107 314.089 313.933 314.025 313.819 313.910 314.076 313.905 314.159 314.195 314.112 314.052 313.913 314.013 313.756 313.632 313.975 313.924 313.863 313.879 313.864 313.892 313.816 313.755 313.685 313.696 313.722 313.660 313.968 313.713 313.991 313.970 313.902 313.989 313.801 313.780 313.767 313.814 313.831 313.722 313.607 313.441
314.044 313.923 313.925 313.814 314.122 314.115 314.296 314.410 314.304 314.310 314.198 314.201 313.983 314.025 314.271 314.245 313.960 313.745 314.119 314.046 314.015 313.918 314.080 314.090 314.026 314.185 314.098 314.178 313.991 313.917 313.978 314.035 313.680 314.013 313.978 314.069 314.071 313.945 314.081 313.938 313.937 314.169 314.100 314.114 313.981 313.980 313.800 313.868 313.745 313.743 313.575 313.672 313.754 313.863 313.855 314.403 313.892 314.010 314.023 313.951 313.700 313.769 313.832 313.814 313.576 313.596 313.604
314.020 314.115 313.982 313.741 313.942 314.242 314.238 314.346 314.189 314.228 314.313 314.143 314.368 314.033 314.007 314.055 313.939 314.189 314.201 314.137 314.062 314.108 314.306 314.318 314.192 314.308 314.171 314.329 314.293 314.162 314.036 313.969 313.789 313.946 313.934 313.985 313.955 313.929 314.029 314.153 314.301 314.274 314.215 314.382 314.124 314.225 313.783 313.960 313.776 313.707 313.577 313.767 313.646 313.854 313.807 313.867 313.848 313.929 314.021 313.860 313.771 313.836 313.763 313.499 313.436 313.444 313.587
314.137 314.144 314.105 313.914 314.055 314.231 314.389 314.366 314.420 314.576 314.429 314.169 314.488 313.942 314.364 314.554 314.419 314.415 314.341 314.163 314.305 314.154 314.334 314.289 314.605 314.352 313.984 314.082 314.397 314.129 314.403 314.041 313.790 313.606 313.735 313.873 313.906 313.885 314.048 314.246 314.269 314.206 314.131 314.269 314.292 314.088 313.914 313.940 313.856 313.787 313.630 313.674 313.591 313.639 313.603 313.699 313.738 313.638 313.865 313.829 313.890 313.784 313.497 313.314 313.372 313.500 313.531
314.147 314.157 314.095 314.180 314.220 314.185 314.281 314.366 314.405 314.448 314.355 314.487 314.429 313.998 314.284 314.362 314.015 314.168 314.115 314.205 314.195 313.952 314.182 314.268 314.298 314.154 313.858 313.844 313.885 314.019 313.852 313.771 313.554 313.453 313.516 313.710 313.872 313.891 313.994 314.152 314.307 314.353 314.364 314.333 313.975 314.040 313.943 313.731 313.926 313.973 313.653 313.648 313.672 313.559 313.431 313.642 313.532 313.523 313.782 313.781 313.703 313.763 313.479 313.317 313.327 313.581 313.551
313.996 313.979 313.919 314.110 314.081 314.217 314.086 314.239 314.029 314.141 314.186 314.091 314.048 314.032 313.910 314.092 313.958 313.954 313.991 313.837 313.900 313.915 313.987 314.114 313.834 313.937 313.749 313.889 313.698 313.720 313.531 313.747 313.516 313.526 313.632 313.725 313.940 314.029 313.967 314.055 314.062 314.151 314.386 314.022 313.725 313.906 313.597 313.532 313.595 313.607 313.630 313.587 313.510 313.444 313.336 313.493 313.380 313.513 313.668 313.619 313.670 313.696 313.345 313.389 313.379 313.486 313.667
313.760 313.816 313.686 313.816 313.877 314.031 314.127 313.951 313.893 314.043 314.167 313.933 314.133 313.915 313.877 313.936 313.896 313.860 313.852 313.773 313.787 313.876 314.184 313.901 313.829 313.796 313.658 313.781 313.679 313.616 313.454 313.510 313.459 313.495 313.671 313.747 313.879 313.874 313.803 313.738 313.857 313.676 314.118 313.760 313.635 313.630 313.579 313.507 313.421 313.457 313.543 313.521 313.474 313.415 313.228 313.449 313.296 313.543 313.601 313.567 313.590 313.631 313.621 313.669 313.614 313.432 313.638
313.739 313.795 313.664 313.783 314.070 314.083 313.877 313.923 313.777 313.916 313.895 313.960 314.050 313.891 313.812 313.907 313.789 313.759 313.733 313.734 313.659 313.725 313.849 313.747 313.791 313.769 313.646 313.594 313.675 313.581 313.531 313.487 313.495 313.581 313.725 313.745 313.771 313.844 313.774 313.726 313.930 313.852 313.871 313.862 313.695 313.701 313.586 313.580 313.439 313.452 313.486 313.480 313.504 313.390 313.425 313.569 313.435 313.597 313.529 313.568 313.551 313.446 313.684 313.538 313.794 313.552 313.767
313.569 313.613 313.791 313.879 313.872 313.891 313.911 313.919 313.830 313.818 313.792 313.889 313.882 313.886 313.763 313.767 313.721 313.693 313.606 313.609 313.467 313.505 313.765 313.792 313.783 313.690 313.474 313.544 313.709 313.673 313.558 313.579 313.621 313.685 313.791 313.797 313.844 313.859 313.747 313.784 313.796 313.760 313.833 313.838 313.725 313.804 313.550 313.659 313.518 313.543 313.602 313.478 313.475 313.454 313.518 313.516 313.424 313.480 313.460 313.912 313.486 313.664 313.681 313.838 313.799 313.620 313.836
313.726 313.682 313.845 313.786 313.821 313.823 313.830 313.819 313.803 313.903 313.853 313.867 313.839 313.812 313.724 313.727 313.679 313.632 313.601 313.532 313.335 313.670 313.735 313.832 313.665 313.750 313.637 313.645 313.586 313.847 313.626 313.645 313.733 313.735 313.760 313.829 313.818 313.879 313.876 313.912 313.749 313.800 313.879 313.863 313.810 313.952 313.709 313.742 313.630 313.591 313.724 313.639 313.596 313.590 313.543 313.601 313.478 313.572 313.560 313.767 313.631 313.704 313.792 313.709 313.754 313.682 313.831
313.656 313.778 313.917 313.894 313.850 313.926 313.805 313.835 313.876 313.843 313.930 313.842 313.849 313.819 313.695 313.617 313.646 313.665 313.679 313.626 313.555 313.713 313.727 313.849 313.735 313.763 313.763 313.755 313.707 313.906 313.761 313.822 313.738 313.800 313.864 313.804 313.903 313.739 313.898 313.962 313.973 313.834 313.844 313.873 313.815 313.857 313.830 313.822 313.822 313.737 313.760 313.650 313.787 313.717 313.491 313.614 313.606 313.620 313.668 313.707 313.744 313.747 313.779 313.765 313.893 313.973 313.648
313.770 313.924 313.786 313.823 313.844 313.874 313.891 313.821 314.010 314.097 313.915 313.962 313.969 313.783 313.779 313.640 313.594 313.593 313.668 313.719 313.862 313.781 313.780 313.841 313.670 313.834 313.941 313.789 313.967 314.118 314.041 313.874 313.836 314.082 314.288 314.108 314.132 313.765 314.163 314.116 314.027 314.172 313.927 313.778 313.737 313.772 313.780 313.863 313.877 313.854 313.874 313.732 313.797 313.664 313.657 313.588 313.629 313.761 313.745 313.788 314.015 313.883 313.812 313.834 313.954 313.886 313.652
313.832 313.839 313.827 313.888 313.960 313.970 313.981 314.011 314.116 314.114 314.171 314.016 313.988 313.816 313.936 313.701 313.602 313.756 313.765 313.785 313.805 313.841 313.843 313.846 313.782 313.797 313.928 313.939 314.184 313.893 314.083 313.962 314.097 314.437 314.954 314.814 314.056 314.224 314.255 314.352 314.266 314.379 314.317 313.959 313.851 313.762 313.777 313.916 313.882 313.894 313.912 313.816 313.678 313.725 313.723 313.546 313.743 313.843 313.867 313.945 314.067 313.965 313.909 313.894 314.015 313.958 313.828
313.933 313.865 313.906 313.968 314.060 314.090 314.130 314.263 314.264 314.261 314.281 313.996 313.966 314.019 313.973 313.812 313.829 314.149 313.903 313.927 313.831 314.019 314.110 314.115 313.907 313.968 314.056 314.151 314.437 314.210 314.167 314.269 314.251 314.597 314.704 314.900 314.395 314.986 314.177 314.461 314.352 314.338 314.359 314.043 313.901 313.815 313.851 314.030 314.044 313.995 313.956 313.822 313.655 313.761 313.826 313.611 313.780 313.856 313.932 314.219 314.258 314.350 314.285 314.114 314.241 314.038 314.108
314.118 314.046 314.107 314.022 314.143 314.204 314.187 314.302 314.456 314.456 313.979 314.344 314.455 314.702 314.374 314.327 314.096 314.320 313.998 314.145 314.216 314.369 314.322 314.393 314.311 314.456 314.448 314.503 314.443 314.358 314.317 314.361 314.553 314.682 314.709 314.474 314.584 314.162 314.348 314.752 314.611 314.430 314.292 314.075 314.047 314.130 314.159 314.200 314.300 314.063 313.894 313.730 313.693 313.614 313.690 313.693 313.960 314.089 314.376 314.440 314.805 314.798 314.638 314.609 314.305 314.311 314.383
314.303 314.209 314.334 314.344 314.369 314.609 314.635 314.852 314.739 314.735 314.815 315.136 315.273 314.868 315.118 314.674 314.473 314.882 315.024 314.867 315.230 315.092 314.877 315.016 314.990 315.527 314.896 314.694 314.859 314.511 314.762 314.511 314.692 314.836 314.682 314.287 314.810 314.583 314.617 314.801 314.820 314.676 314.555 314.403 314.328 314.361 314.367 314.575 314.517 314.449 314.114 313.873 313.715 313.804 313.753 314.119 314.157 314.386 314.698 314.625 314.788 314.902 314.909 315.087 314.676 314.664 314.701
314.565 314.623 314.646 314.762 314.631 314.868 315.174 315.182 315.830 315.831 316.134 316.468 315.835 315.444 315.780 315.435 314.953 315.456 316.054 315.865 316.447 316.565 316.560 316.152 315.973 315.763 316.186 315.829 315.928 315.305 315.747 315.279 314.949 315.502 315.259 315.056 314.851 314.979 314.707 315.056 314.822 314.710 314.728 314.563 314.671 314.601 314.717 314.994 314.969 314.681 314.321 314.103 314.067 314.248 314.276 314.268 314.250 314.517 314.857 314.814 314.917 314.979 315.138 315.040 314.942 314.738 314.648
315.248 315.724 315.599 315.624 315.469 315.356 315.701 316.663 317.018 316.968 316.855 317.856 317.279 317.050 317.464 317.634 317.203 318.737 320.238 320.037 320.018 319.584 319.421 318.715 318.597 318.214 318.181 317.731 317.652 317.342 317.234 316.589 316.247 316.298 315.827 315.419 314.949 315.258 315.044 315.032 314.898 314.757 314.946 314.969 315.038 315.190 315.063 315.462 315.628 314.735 314.623 314.555 314.496 314.543 314.714 314.233 314.410 314.597 314.681 314.643 314.788 314.800 314.673 314.697 315.019 314.574 314.966
317.740 317.893 317.762 318.535 318.539 317.982 318.638 320.375 320.538 320.686 322.682 323.355 324.024 325.428 325.508 325.517 325.971 329.874 332.834 332.875 331.392 330.004 328.827 327.876 328.029 327.444 326.497 325.619 324.570 322.901 322.655 320.352 319.121 318.822 318.521 317.480 316.098 316.536 316.239 316.161 315.734 315.531 315.867 315.559 315.379 315.394 315.811 315.896 315.795 315.191 315.244 315.152 315.046 314.844 315.055 314.664 314.435 314.649 314.657 314.747 314.833 314.669 314.330 314.616 314.872 314.607 314.851
325.179 325.078 327.317 327.823 327.465 328.136 329.268 329.955 333.333 333.733 336.546 336.669 338.509 341.526 341.733 341.693 341.441 343.449 344.642 345.595 345.933 345.279 343.192 343.132 343.323 343.249 341.983 340.534 338.823 335.528 334.871 330.248 329.073 328.287 326.615 323.092 321.229 320.809 320.095 319.586 319.151 318.766 319.160 318.057 317.885 317.870 318.557 317.624 316.808 316.586 316.655 315.840 315.177 315.526 315.670 315.133 314.734 314.862 314.761 314.833 315.002 314.884 314.416 314.448 314.546 314.248 314.124
341.029 341.050 343.290 343.314 343.376 343.273 343.157 343.591 346.757 346.836 346.692 347.017 347.631 349.710 350.025 349.607 348.057 346.286 345.810 346.409 347.193 347.973 348.155 347.972 348.098 348.105 347.801 347.397 346.962 346.581 346.216 344.363 343.870 343.210 340.450 336.340 333.313 332.171 329.519 328.328 328.049 327.479 327.598 326.605 326.189 326.659 328.160 323.529 320.636 319.461 319.528 317.672 316.629 316.335 316.245 315.385 315.346 315.023 314.893 314.844 314.870 315.075 314.923 314.941 314.197 314.310 314.534
348.396 348.244 348.066 348.063 348.052 347.518 347.251 347.295 348.407 348.486 348.045 349.760 350.531 350.513 350.321 350.006 348.860 347.359 347.364 347.171 347.335 348.428 348.514 348.122 347.919 347.902 347.604 347.206 347.090 346.745 346.767 346.878 346.825 346.902 346.743 346.388 347.014 346.149 343.046 342.450 341.773 341.736 341.266 341.010 340.635 340.749 340.128 334.325 330.006 329.255 326.981 323.442 321.765 319.043 318.267 317.741 316.820 316.621 316.071 315.066 315.464 315.574 315.179 315.090 314.651 314.666 314.522
348.584 348.400 348.198 348.593 348.152 347.639 348.164 348.015 347.682 348.300 348.679 349.671 350.373 350.395 350.133 349.909 349.022 347.237 348.091 348.785 348.436 348.094 348.326 348.073 347.893 347.957 347.545 347.266 347.430 347.085 346.963 347.731 347.706 347.975 347.451 347.134 347.625 347.546 347.449 346.832 347.258 347.256 347.568 347.141 347.043 346.505 346.305 345.451 343.533 343.962 340.757 336.743 333.028 328.663 325.649 323.475 321.927 320.204 318.535 316.918 317.015 316.990 316.613 316.491 315.541 315.551 315.104
348.144 348.227 348.134 348.734 348.423 348.966 348.742 348.771 349.161 350.167 348.994 349.307 349.529 350.059 350.115 349.865 348.906 348.952 348.181 348.571 348.365 348.583 348.480 348.007 348.538 348.293 347.860 347.801 348.633 348.761 347.728 348.836 349.177 349.366 347.999 348.102 347.679 348.030 347.854 347.934 348.782 348.259 348.619 348.870 348.804 348.006 347.967 347.503 347.651 347.867 347.450 346.656 345.321 343.763 340.655 337.146 333.258 328.842 325.834 323.730 322.952 322.393 320.880 320.240 319.396 318.027 316.704
348.713 348.899 348.741 349.430 349.396 349.801 349.580 350.789 350.693 351.136 350.431 349.803 349.768 350.142 350.493 350.699 350.096 349.827 349.085 348.869 348.818 349.237 348.821 348.590 349.359 349.411 348.793 348.707 349.287 349.473 349.476 349.570 349.455 349.330 349.258 349.603 348.957 348.752 349.167 349.724 349.548 348.793 348.917 349.123 348.831 348.030 348.226 348.445 349.474 350.234 349.591 348.269 347.555 347.706 347.086 346.881 345.570 344.163 341.105 338.190 336.578 335.310 332.429 331.924 328.554 324.960 323.542
350.785 350.598 350.412 350.635 350.409 350.613 350.958 351.153 351.005 351.159 351.344 350.648 350.407 350.249 351.198 351.380 351.192 351.044 349.801 349.288 349.353 349.379 349.715 349.485 349.481 349.470 349.001 349.565 349.330 349.523 349.606 349.589 349.969 350.365 350.294 350.758 350.182 349.676 350.140 350.828 350.811 349.476 349.664 349.670 348.980 348.724 348.774 349.737 349.957 350.414 350.015 349.473 348.642 349.008 348.358 348.209 347.657 347.599 348.669 349.131 348.414 346.106 345.916 344.740 342.242 338.114 338.148
