Results_IR_11145toIR_11146/Ir_11145shifted.txt
NCOLS 640
NROWS 480
XLLCORNER 0
YLLCORNER 0
CELLSIZE 1
NODATA_VALUE -9999
[rows 116 to 144 of 480, columns 134 to 200 of 640]
317.312 317.391 317.508 317.391 317.233 317.155 317.351 316.761 316.879 317.351 316.840 317.351 317.076 317.233 317.194 317.273 317.430 317.233 317.194 317.194 316.919 317.076 317.273 317.273 316.958 317.155 317.194 317.508 317.194 317.312 317.233 317.194 317.391 317.351 317.548 317.469 317.273 316.919 317.233 317.115 317.115 317.273 317.115 317.508 317.548 317.273 317.233 317.194 317.273 317.705 317.508 317.548 317.666 317.548 317.548 317.548 317.626 317.312 317.312 318.373 319.002 320.928 320.063 319.081 318.766 318.413 318.531
317.312 317.233 317.312 317.469 317.312 317.351 317.037 316.683 317.312 317.233 317.391 317.391 317.312 317.273 317.469 317.115 317.037 317.548 317.115 317.508 317.076 317.548 317.626 317.351 317.194 317.233 317.194 317.548 317.626 317.430 317.273 317.508 317.587 317.784 317.312 317.351 317.115 317.076 316.997 317.351 317.233 317.351 317.273 317.155 317.037 317.351 317.508 317.784 317.862 318.255 318.098 318.648 319.041 319.395 319.395 318.806 318.334 318.884 319.277 321.635 327.406 334.897 335.328 326.268 326.425 327.563 327.367
317.469 317.312 317.312 317.548 317.273 317.469 317.312 316.919 317.351 317.469 316.840 317.823 317.273 317.194 317.430 317.430 317.744 318.491 318.255 317.784 317.508 317.666 317.941 317.666 317.587 317.469 317.508 318.137 318.059 317.862 317.587 317.705 318.059 317.626 318.216 317.823 317.980 317.587 317.194 317.155 317.391 317.469 318.334 317.980 318.531 319.041 321.203 323.716 324.305 323.756 324.777 325.522 328.937 329.015 327.642 326.268 326.268 326.543 331.565 335.642 340.578 340.069 338.032 337.366 336.504 337.131 336.778
317.391 317.430 317.469 317.705 317.273 317.548 317.194 317.351 317.233 317.941 316.919 317.587 318.098 317.587 317.351 318.216 318.531 321.831 324.031 322.185 318.531 318.177 319.670 318.255 319.552 318.334 319.631 320.613 321.163 319.474 319.277 319.120 318.884 318.806 318.531 318.688 318.884 318.531 319.867 318.452 319.120 319.199 321.556 321.988 323.873 324.580 329.760 335.211 334.936 335.328 335.250 337.523 338.267 337.797 337.875 336.739 337.131 336.935 336.504 337.562 337.562 337.405 337.013 336.465 337.013 337.366 337.484
317.312 317.548 318.177 317.862 317.784 317.823 317.666 317.823 317.941 318.177 317.705 318.334 318.609 318.727 318.766 319.159 322.695 332.271 340.187 337.484 327.603 327.446 327.563 327.328 325.836 325.679 325.797 332.545 337.719 336.191 329.996 329.800 325.954 324.737 324.934 329.172 329.133 327.328 325.993 326.975 327.092 331.682 334.936 335.211 335.407 335.642 336.073 336.151 335.995 336.230 337.405 337.680 337.719 338.424 338.306 337.366 337.836 336.739 336.935 336.582 336.818 335.720 335.172 335.720 336.034 335.485 336.191
318.648 318.531 318.531 319.552 319.513 320.810 321.006 321.949 322.813 322.931 323.402 323.599 323.873 325.758 328.858 329.251 330.231 340.853 340.030 338.659 335.603 335.172 335.407 335.485 335.289 335.250 335.759 337.719 340.970 340.774 337.758 336.230 336.818 336.426 336.230 336.112 336.191 335.642 335.877 335.250 335.289 336.269 336.386 337.484 336.151 335.916 335.916 337.523 336.426 336.778 337.601 337.836 338.111 338.189 338.777 337.405 337.209 337.092 336.347 336.504 335.759 335.485 335.250 337.053 336.896 336.347 336.739
326.700 326.425 326.857 328.230 329.760 332.271 332.780 332.427 334.270 334.740 335.328 334.976 335.132 335.759 336.308 336.896 336.465 337.053 338.541 338.894 336.386 336.661 336.034 335.877 336.191 335.211 335.759 337.836 337.209 337.719 337.053 337.170 337.444 337.170 336.739 337.053 336.661 335.720 334.858 334.936 334.976 332.898 335.407 336.386 338.032 336.386 339.012 339.913 339.756 338.894 337.719 337.523 337.758 338.424 337.640 337.249 337.327 337.013 336.857 337.249 337.013 336.308 338.267 342.576 341.087 339.560 338.032
336.151 336.308 336.504 337.288 336.700 338.189 338.894 338.463 337.640 336.269 336.073 337.758 337.875 337.170 336.700 336.622 336.778 337.444 339.168 340.618 338.659 337.680 335.838 335.015 334.740 334.505 334.936 336.191 337.484 336.857 337.366 333.878 336.308 336.896 336.622 337.680 337.680 336.935 335.485 334.819 334.819 336.308 337.875 340.265 340.696 339.717 340.265 338.620 338.150 338.111 341.205 338.541 337.680 337.562 337.836 337.640 338.150 339.521 339.913 340.069 339.991 339.560 340.578 343.241 341.518 341.401 341.127
337.875 337.719 337.954 338.581 338.737 338.502 338.777 338.541 337.249 336.622 336.896 337.797 337.680 337.523 336.504 337.875 337.915 336.661 339.012 343.437 341.557 337.366 336.073 336.230 336.230 336.112 335.681 337.719 338.150 337.523 338.267 338.346 338.032 337.993 337.366 339.012 337.484 336.935 337.092 338.385 337.954 338.659 339.051 344.885 341.087 340.618 339.756 338.463 337.484 337.327 338.541 338.306 338.502 338.385 338.032 338.659 338.816 340.343 341.009 342.223 340.030 340.618 338.659 340.539 339.756 338.306 340.735
337.249 337.405 336.739 337.680 337.366 338.071 336.974 336.504 336.426 336.543 336.857 337.444 337.405 336.935 336.974 336.386 336.347 336.269 337.249 337.915 339.952 341.322 339.952 338.150 337.719 338.306 339.913 341.087 341.401 339.364 339.207 339.442 338.933 339.638 337.993 337.562 337.719 337.719 338.346 338.541 338.541 337.484 341.048 346.295 344.455 339.873 339.168 338.620 337.170 338.111 338.267 338.111 338.346 338.267 337.954 338.502 338.620 339.482 339.717 339.638 341.636 339.090 336.739 337.013 337.092 337.562 337.562
336.778 336.896 336.622 336.622 337.053 338.228 337.092 336.896 336.386 336.465 336.504 337.444 337.327 336.504 337.053 336.700 336.465 337.640 338.737 339.991 340.304 339.717 340.304 339.521 338.972 339.364 338.581 342.223 340.422 339.795 339.168 338.502 337.797 337.758 337.954 337.797 337.993 338.581 338.150 337.954 338.385 337.405 340.265 345.394 344.885 338.855 338.346 338.150 338.071 338.111 339.521 338.346 339.012 338.894 338.189 338.267 338.111 339.129 341.479 342.889 339.677 337.875 336.622 336.269 335.328 336.034 336.739
337.444 337.523 337.131 336.543 337.249 336.700 336.739 336.661 337.405 337.405 337.719 337.209 337.013 337.288 338.424 338.228 338.306 338.267 338.933 340.539 340.343 338.581 339.168 340.226 339.168 338.659 338.816 338.463 338.777 338.346 338.424 338.463 338.071 338.620 338.541 341.557 343.946 341.283 339.012 339.051 338.659 338.541 339.403 340.265 338.777 338.071 338.111 338.189 338.698 339.129 340.578 341.557 343.359 338.581 338.189 338.150 338.502 338.894 338.620 340.148 339.991 337.523 335.563 335.485 335.172 335.877 335.485
336.582 337.092 337.719 337.053 337.170 336.935 336.818 337.405 338.111 338.816 338.581 338.933 338.111 338.894 338.972 339.090 339.442 340.069 338.816 339.207 338.581 337.719 339.952 344.102 340.931 343.006 341.597 339.599 338.267 338.385 338.581 338.972 339.051 338.737 338.855 344.337 347.390 345.081 340.931 339.207 338.855 338.894 339.051 339.325 338.150 336.661 339.012 338.111 337.993 339.129 337.797 337.680 340.069 337.875 337.758 337.875 337.209 338.228 337.601 337.758 340.030 337.640 336.151 335.995 336.896 335.407 336.386
337.327 337.288 336.974 337.993 337.170 336.818 337.797 337.562 338.698 338.032 338.346 338.620 339.051 339.599 339.442 339.913 339.325 340.108 338.541 338.189 338.737 339.717 339.756 340.578 341.871 345.316 341.205 338.385 338.111 337.405 338.737 338.424 337.327 338.071 337.170 337.249 338.777 339.599 338.111 338.855 338.502 336.269 338.659 337.640 337.954 336.308 335.524 337.562 337.719 337.640 337.601 336.818 337.640 336.935 337.680 336.974 336.896 337.288 336.935 336.896 338.424 336.661 337.758 337.131 336.582 336.974 337.562
338.933 338.150 338.737 338.620 338.855 339.051 338.894 339.090 338.894 339.638 339.756 339.207 339.012 339.599 339.677 340.030 339.717 339.051 339.090 338.424 338.894 340.226 342.810 339.521 339.482 339.051 339.521 338.385 338.189 337.601 337.562 337.366 337.288 337.836 337.053 337.562 337.484 337.954 339.364 339.247 335.838 335.015 334.231 335.642 335.328 335.172 335.838 336.073 336.818 337.484 337.405 338.346 337.680 336.935 336.347 336.308 336.073 335.642 335.485 335.328 336.739 336.112 337.680 338.894 337.640 337.915 338.306
339.286 338.972 339.403 340.696 340.853 339.638 339.913 338.463 339.521 340.304 338.502 339.482 339.364 338.933 339.913 340.108 338.659 338.346 339.638 339.521 340.735 340.304 339.325 339.090 338.855 338.424 338.189 336.896 335.407 335.838 336.739 336.426 337.013 337.209 337.562 336.857 336.582 339.286 343.985 343.868 337.993 335.250 333.682 335.485 335.367 335.759 335.603 338.385 337.719 337.758 338.228 338.620 338.346 337.053 336.661 335.211 335.446 336.465 335.524 334.074 333.917 341.949 344.416 338.385 338.385 338.972 337.875
340.265 339.991 340.618 340.853 341.087 341.597 344.964 341.087 339.482 338.306 338.620 338.463 338.737 338.267 338.659 339.991 339.756 339.482 338.777 337.092 335.642 335.916 336.386 336.112 337.053 338.346 337.758 335.838 335.328 335.407 335.955 337.013 336.661 337.249 337.013 338.816 337.053 337.209 337.327 338.659 336.935 334.035 336.034 337.484 337.209 336.778 336.034 335.446 335.367 335.916 337.719 338.071 338.032 335.015 335.563 336.151 334.858 337.288 336.935 337.209 332.898 331.878 338.581 337.327 337.680 339.207 338.189
340.108 339.482 339.873 340.618 339.834 339.638 345.159 345.003 339.207 338.228 337.562 337.954 337.836 337.170 338.032 338.346 337.758 337.366 336.739 338.228 337.209 335.877 336.504 337.601 337.523 337.954 337.170 336.896 335.367 335.211 335.955 335.720 336.151 338.111 337.366 337.562 336.818 337.523 337.405 336.034 335.093 332.310 335.995 337.249 337.288 337.484 337.640 338.228 337.484 336.700 336.034 337.836 337.131 336.739 337.013 337.875 338.032 337.131 336.935 334.427 334.035 334.152 337.680 339.051 338.111 338.581 338.071
340.148 340.461 339.325 339.442 337.405 334.858 334.740 337.249 335.916 337.719 336.582 337.405 337.209 337.875 338.071 338.111 335.995 334.780 333.996 334.427 334.780 332.310 335.838 336.347 336.543 335.720 336.426 337.327 336.700 335.916 335.524 335.603 338.659 338.581 338.620 338.933 338.111 336.582 335.916 333.682 332.545 332.976 336.386 337.444 337.993 338.032 337.562 336.857 337.484 338.267 338.267 337.797 337.444 337.758 337.170 336.269 338.111 335.132 333.564 334.309 333.839 334.701 335.603 336.112 338.385 338.816 337.954
340.774 339.952 337.915 337.484 336.504 335.172 333.956 334.231 335.916 335.328 335.485 335.015 336.700 335.132 337.562 337.640 337.209 334.662 332.663 333.878 335.015 336.386 336.386 336.465 337.484 337.640 337.562 336.465 335.642 335.563 335.681 335.955 338.463 338.933 338.972 338.659 337.013 335.955 333.329 333.055 335.877 335.407 336.622 337.053 338.071 338.150 337.327 336.191 336.935 337.405 337.640 337.053 335.681 335.250 334.505 334.819 333.839 331.408 330.035 332.819 334.035 335.916 335.172 336.112 339.051 339.442 338.346
340.069 338.581 336.151 335.407 334.740 334.662 334.270 334.152 335.172 335.916 334.466 333.760 333.800 332.976 336.269 334.270 334.897 334.505 333.839 335.250 336.112 337.366 338.894 339.090 338.267 336.935 336.622 336.112 335.328 335.446 335.446 338.150 340.343 344.259 342.654 338.659 335.603 334.348 335.054 332.859 333.486 334.309 337.092 336.073 335.367 336.073 335.407 335.407 337.092 337.327 337.562 334.623 333.956 334.936 335.916 334.819 334.976 333.956 329.917 333.956 336.896 335.955 335.328 335.759 337.013 336.426 339.756
337.288 335.955 335.407 335.838 335.367 334.505 334.897 334.819 336.112 334.976 334.701 335.838 332.545 332.937 333.329 332.937 333.721 333.682 332.937 335.172 340.696 346.569 348.330 348.564 345.003 338.346 336.818 337.484 335.799 335.720 335.446 335.015 339.638 338.620 336.347 335.799 335.603 335.211 334.035 334.152 334.623 335.132 336.073 337.092 335.642 333.800 334.858 334.466 331.486 334.662 337.444 334.623 334.584 335.289 337.131 337.484 335.838 335.995 334.348 333.839 340.657 336.112 334.819 334.192 335.328 335.015 340.030
337.013 335.681 335.328 335.603 335.485 335.407 335.328 337.484 333.996 333.682 334.388 334.819 333.878 333.329 334.074 337.053 336.151 333.172 334.192 335.054 337.366 346.999 348.173 348.447 348.330 344.925 337.640 336.504 335.172 334.976 333.996 332.859 334.466 336.034 338.150 336.896 335.916 334.740 332.467 332.545 331.918 334.897 335.681 337.444 337.758 337.288 336.465 335.211 335.250 336.151 335.799 335.289 335.367 334.701 334.388 333.094 332.976 333.878 333.015 333.721 338.228 338.777 333.956 333.564 330.349 333.878 335.132
335.603 335.328 335.563 335.603 335.407 335.720 337.013 334.152 332.506 332.819 337.092 336.896 336.857 335.955 333.878 335.681 335.916 336.739 338.228 337.405 336.191 339.717 345.316 345.277 345.159 345.003 337.875 334.740 335.093 334.780 335.367 335.838 336.857 339.168 339.521 337.954 336.269 336.269 334.897 335.015 334.584 335.720 336.465 338.737 341.166 337.719 337.288 337.405 337.405 337.170 335.524 335.642 334.740 335.955 335.720 331.604 329.957 330.270 329.760 337.836 339.286 335.367 330.976 332.153 328.427 334.976 335.720
335.446 335.367 335.250 335.642 334.976 334.701 333.368 334.074 333.015 338.111 339.638 337.484 338.855 336.269 334.505 336.347 338.111 338.267 338.972 339.247 339.051 338.385 340.265 340.383 341.166 337.640 337.249 335.132 334.976 334.701 335.916 336.739 341.714 345.159 340.970 337.915 335.955 336.504 336.073 335.995 335.877 339.638 337.053 334.976 334.231 338.032 337.836 337.288 335.054 335.015 334.623 334.780 334.976 332.584 335.132 332.545 333.094 331.839 328.544 332.114 333.212 332.388 333.996 334.152 333.682 334.192 335.328
335.799 335.799 335.289 335.955 335.250 334.780 334.623 334.584 333.643 335.995 337.797 337.797 336.896 337.092 333.956 333.917 337.013 334.858 335.054 339.325 337.484 337.405 338.777 337.092 337.288 335.367 332.467 334.035 334.976 334.544 335.054 341.009 343.868 344.337 340.853 338.111 335.995 340.343 339.913 337.680 335.759 335.015 334.662 336.622 337.288 335.485 334.113 333.996 333.094 334.584 335.093 336.308 334.780 332.231 331.682 330.270 330.741 331.016 329.525 326.975 330.035 331.525 334.701 333.251 332.388 334.388 334.152
335.446 335.955 335.720 334.976 335.250 335.367 337.209 341.675 336.661 335.407 333.408 335.642 336.465 337.288 335.485 334.662 334.897 335.524 335.485 337.875 337.170 335.681 333.917 333.839 332.271 332.584 333.956 333.290 335.916 335.759 336.386 331.486 331.133 335.093 331.604 332.074 335.524 335.759 334.074 332.388 331.918 330.035 333.917 335.250 337.209 335.563 335.211 333.486 334.192 335.995 335.485 334.897 335.681 335.054 331.839 328.819 328.897 331.172 329.211 331.094 332.310 331.839 330.270 331.722 332.427 335.211 334.388
336.034 335.328 335.524 334.074 334.976 335.250 336.818 336.034 335.250 334.662 334.035 337.875 339.677 337.562 337.053 336.504 337.719 336.073 335.211 335.799 335.603 334.231 333.682 332.780 333.486 335.838 335.485 331.878 334.035 334.780 333.839 329.564 329.251 329.251 329.368 332.780 332.231 335.563 331.996 328.662 331.447 330.820 330.388 334.074 336.818 336.073 333.447 333.525 333.643 335.916 334.976 333.055 333.643 332.467 332.545 334.701 334.780 331.486 328.937 330.506 331.329 330.506 331.055 331.957 333.800 333.329 333.329
335.407 335.563 335.250 336.073 333.094 332.388 332.898 333.760 334.074 334.662 337.758 337.680 339.638 338.306 334.936 335.211 335.916 335.367 335.250 334.270 334.152 334.035 333.956 332.192 332.976 333.368 333.643 331.212 332.192 334.740 329.447 327.877 327.995 326.975 329.447 332.427 334.152 332.388 332.349 330.937 331.839 331.486 334.231 335.407 335.759 334.897 334.466 334.388 331.643 330.820 330.937 330.741 330.780 330.702 331.369 331.369 331.447 331.604 331.055 331.565 332.584 332.623 331.329 332.663 333.172 333.408 333.643
