Results_IR_11145toIR_11146/Ir_11145shifted.txt
NCOLS 640
NROWS 480
XLLCORNER 0
YLLCORNER 0
CELLSIZE 1
NODATA_VALUE -9999
[rows 348 to 376 of 480, columns 0 to 66 of 640]
371.980 371.589 371.394 371.316 371.277 371.277 371.316 371.238 371.238 371.706 371.863 371.980 371.941 372.097 372.449 372.253 371.550 371.863 371.550 370.417 368.151 367.565 366.393 366.510 366.510 366.589 366.823 367.409 367.448 367.409 367.253 366.471 366.510 367.448 369.245 369.363 369.245 369.792 370.105 369.714 369.714 369.480 369.323 369.558 369.480 369.519 370.066 370.261 370.417 370.574 371.159 370.925 370.574 371.081 370.730 370.417 370.066 369.323 369.011 369.050 368.933 368.933 369.284 369.753 370.066 370.105 369.675
371.902 371.824 371.628 371.277 371.511 371.316 371.238 371.003 371.316 371.394 371.824 372.097 372.097 372.214 372.214 372.292 371.941 371.433 370.495 369.636 368.269 367.175 366.276 366.745 365.924 366.901 366.979 367.761 367.995 368.034 368.073 368.620 368.894 369.284 369.284 369.480 369.870 370.339 370.574 370.105 370.652 370.730 370.378 371.784 371.784 372.331 372.097 371.902 370.691 371.628 371.511 372.019 371.550 371.667 371.120 370.652 369.909 369.948 369.284 369.089 368.855 369.245 369.519 369.831 369.948 369.988 370.183
371.902 371.745 371.628 371.355 371.316 371.355 371.316 371.238 371.199 371.316 371.589 372.292 372.175 372.488 372.566 372.331 372.097 371.238 370.886 370.534 368.269 367.487 367.722 367.097 366.667 366.432 367.565 367.917 367.956 368.620 369.753 369.558 369.558 369.323 369.909 369.597 368.933 370.847 371.042 370.886 371.589 371.980 372.683 372.761 372.566 372.331 372.214 371.902 371.784 371.980 371.902 371.941 372.097 371.667 371.589 370.574 370.027 369.636 368.855 369.011 368.855 368.972 369.402 369.206 369.558 369.597 369.519
371.902 371.667 371.628 371.394 371.394 371.316 371.120 371.238 371.238 371.511 371.472 371.941 372.292 372.644 372.566 372.214 371.863 371.316 369.948 369.167 368.230 368.112 367.956 367.761 366.862 367.448 367.526 368.308 369.167 369.519 369.909 371.003 371.472 371.589 371.706 370.808 371.667 371.706 371.902 372.839 373.073 372.917 372.370 372.566 372.214 372.488 372.370 372.058 371.784 371.863 371.824 371.902 372.019 371.394 370.769 370.027 369.519 368.777 368.737 368.620 368.894 368.698 369.089 369.480 369.050 368.620 369.363
372.058 372.058 371.628 371.394 371.394 371.120 371.081 371.355 371.433 371.589 372.058 372.488 372.488 372.605 372.566 372.605 371.745 371.159 370.300 369.597 368.503 368.269 368.777 368.425 368.034 369.284 369.089 369.636 371.511 372.019 372.214 372.292 372.370 372.449 372.175 372.019 372.019 372.175 372.566 371.980 372.995 372.488 372.722 372.175 372.175 372.097 372.253 372.175 371.706 371.433 371.863 371.902 371.316 371.042 370.613 369.909 368.972 368.659 368.737 368.542 368.855 368.777 368.777 368.230 367.995 368.034 368.230
372.058 371.784 371.667 371.628 371.081 371.120 371.472 371.394 371.589 371.824 372.214 372.488 372.605 372.605 372.449 372.136 372.175 371.120 370.456 370.144 368.698 370.066 368.855 369.597 369.792 370.105 370.495 371.863 372.566 372.449 372.527 372.683 372.292 372.605 371.941 371.863 371.941 372.136 372.644 372.292 372.409 372.097 372.488 371.863 372.058 371.784 371.511 371.589 371.511 371.472 371.355 371.628 371.316 370.183 370.456 369.948 368.855 368.816 368.581 368.347 368.347 368.112 367.995 367.878 367.761 367.839 367.761
372.605 372.644 371.824 371.824 371.589 371.316 371.628 371.667 371.472 371.824 371.980 372.644 372.878 372.605 372.488 372.292 372.292 371.238 370.691 369.988 368.894 369.792 370.300 370.964 370.847 371.824 372.449 372.488 372.292 372.409 372.644 372.644 372.175 372.136 372.331 372.136 371.941 371.824 371.824 371.394 372.175 372.292 371.589 371.003 370.847 370.769 371.042 370.964 370.847 370.769 371.081 370.534 370.574 370.534 370.144 369.089 369.050 368.581 368.386 368.347 368.151 368.112 367.839 367.761 367.526 367.526 367.604
372.878 372.605 372.449 372.488 372.449 371.784 371.980 371.667 371.706 371.784 372.800 373.113 372.761 372.683 372.605 372.370 371.667 371.199 370.730 370.886 371.042 371.003 371.863 371.081 372.097 371.980 372.488 372.566 372.370 372.761 372.644 372.214 372.488 372.058 372.253 372.370 372.253 372.214 372.214 371.980 371.550 371.316 370.847 370.808 370.730 370.847 370.417 370.574 370.613 370.691 370.144 370.613 370.534 369.792 369.948 369.128 368.972 368.620 368.308 368.034 368.112 367.487 367.409 367.683 367.370 367.214 367.487
372.839 372.995 372.566 372.566 372.175 371.824 371.980 371.941 372.136 372.370 372.370 372.566 372.761 372.644 372.409 372.488 372.214 371.628 371.199 371.003 371.081 371.316 371.472 371.824 372.253 372.058 372.292 372.527 372.409 372.409 372.449 372.136 372.370 372.097 372.253 372.292 372.449 371.863 372.058 371.628 371.159 371.277 370.613 370.886 370.261 370.417 370.378 370.261 370.144 370.652 370.261 370.456 369.870 369.870 369.558 369.206 368.698 368.659 368.347 367.683 367.683 367.722 367.370 367.370 367.214 367.253 367.253
372.917 372.839 372.644 372.722 372.253 371.902 372.253 372.175 372.058 372.019 372.409 372.839 372.722 372.605 372.409 372.409 371.433 371.277 371.316 371.003 371.199 371.472 371.667 371.706 372.409 372.370 372.331 372.449 372.331 372.449 372.292 372.097 372.449 372.214 372.370 372.097 372.058 371.667 371.745 371.355 371.159 371.316 370.886 370.730 370.105 370.261 369.948 370.027 370.183 369.948 370.183 370.300 369.909 370.574 370.222 368.816 369.050 368.347 367.956 367.761 367.526 367.448 367.487 367.253 367.136 367.448 367.448
372.761 372.995 372.800 372.488 372.097 372.370 372.058 372.019 372.019 372.136 372.878 372.839 372.761 372.331 372.449 372.214 371.433 371.238 371.511 371.589 371.511 371.863 371.745 372.331 372.488 372.292 372.488 372.449 372.449 372.370 372.097 372.214 372.214 372.292 372.019 372.097 371.863 371.824 371.824 371.550 371.199 371.316 370.574 370.378 370.222 369.948 369.948 369.988 370.066 370.027 369.558 370.066 370.339 370.144 370.300 369.284 368.894 368.073 368.190 367.800 367.487 367.487 367.292 367.722 367.722 367.136 367.448
373.777 373.698 372.761 372.800 372.175 372.214 372.175 372.136 372.253 372.449 372.683 372.605 372.566 372.644 372.566 372.175 371.277 371.980 371.120 371.589 371.355 372.058 372.058 372.331 372.136 372.488 372.644 372.449 372.136 372.253 372.292 371.902 371.745 371.628 371.706 371.667 371.784 371.824 371.628 371.628 371.394 371.081 370.964 370.300 370.261 369.988 370.222 370.456 370.847 370.378 370.378 370.339 370.378 370.105 370.417 370.183 369.948 368.620 368.230 367.956 367.800 367.565 367.956 367.487 367.683 367.565 369.089
374.128 373.542 373.073 372.956 372.527 372.409 373.230 372.214 372.370 372.409 372.527 372.683 372.644 371.902 371.980 372.331 371.628 371.394 371.277 371.628 371.902 371.941 372.175 372.292 372.761 372.449 372.136 372.449 372.019 371.784 371.199 371.003 371.120 371.277 371.394 371.628 371.706 371.863 371.628 371.941 371.706 371.706 371.159 370.847 370.534 370.691 370.574 370.652 370.613 370.847 370.339 370.456 370.534 370.105 370.456 370.144 368.777 369.402 368.269 368.230 368.151 368.034 368.542 368.894 369.284 369.323 369.480
375.144 374.089 374.011 374.128 373.464 373.620 373.503 373.113 373.152 373.503 373.816 372.605 372.527 371.941 372.136 371.980 371.550 372.097 372.097 371.667 372.175 372.097 372.331 372.331 372.136 372.019 372.097 371.941 371.863 371.238 371.199 371.159 371.277 371.667 371.784 371.745 371.863 372.058 371.824 372.449 371.902 371.706 371.628 371.472 371.511 371.042 371.355 371.394 370.847 370.964 370.769 370.495 370.613 370.261 370.417 370.417 369.714 369.714 368.855 369.011 368.972 368.855 369.402 369.558 369.792 370.534 370.417
375.183 375.026 374.128 374.323 373.777 373.698 373.191 373.503 373.230 373.425 373.933 373.113 372.917 373.073 372.488 372.956 372.136 372.527 372.097 372.722 372.761 372.488 372.253 372.019 371.784 372.058 372.214 372.136 371.941 371.706 371.706 371.550 371.784 371.550 371.902 371.902 372.488 372.253 372.214 372.488 371.980 372.097 371.745 371.784 371.706 371.628 371.159 370.964 371.394 370.964 371.199 370.847 370.613 370.300 370.417 370.417 370.261 370.495 369.597 369.284 370.222 369.167 369.363 369.948 369.948 370.144 371.003
374.011 374.909 374.987 374.401 374.089 373.581 373.698 373.659 373.503 373.581 373.425 373.855 373.464 372.527 372.488 372.683 372.488 373.073 372.878 372.800 372.409 372.097 372.097 371.902 372.136 371.980 371.745 371.863 371.980 371.511 371.941 372.019 371.863 372.058 372.370 372.214 372.409 372.175 372.058 372.331 371.863 372.058 371.941 371.863 371.941 372.097 371.824 371.316 371.394 371.394 371.081 370.769 370.769 370.691 370.456 370.378 370.339 370.222 370.808 370.652 369.948 370.144 369.636 369.948 369.675 370.027 370.417
374.753 374.011 373.737 373.737 373.698 373.698 373.659 373.425 373.698 374.011 373.698 374.245 373.386 373.464 373.386 373.113 372.253 372.761 372.253 372.409 372.136 371.941 371.902 371.902 371.824 371.863 372.097 372.058 372.527 372.488 372.253 372.136 372.370 372.214 372.292 372.292 372.370 372.409 372.292 372.214 371.824 371.784 372.097 372.097 371.863 372.019 371.667 371.238 371.433 371.316 371.433 371.277 370.730 370.847 370.495 370.456 370.495 370.730 370.261 370.378 370.613 370.456 370.066 370.964 369.831 369.753 369.870
373.737 373.542 373.777 373.503 373.191 373.347 373.386 373.425 373.659 374.284 374.011 373.386 373.464 373.152 372.058 372.839 372.370 372.253 372.292 372.253 371.824 372.058 371.628 371.824 371.902 371.941 372.214 372.214 372.683 372.839 372.722 372.449 372.409 372.214 372.566 372.292 372.566 372.292 372.136 372.253 371.784 371.980 371.863 371.941 371.745 371.745 371.941 371.628 371.472 371.511 371.511 371.394 371.081 370.886 370.691 370.691 370.613 370.730 370.144 370.730 371.199 371.081 370.613 370.574 370.300 370.183 370.339
374.011 373.698 374.011 373.659 373.542 373.308 373.347 373.933 373.503 373.347 373.503 373.073 372.722 372.136 371.784 371.667 372.292 372.136 372.058 371.980 372.253 371.941 371.863 372.097 371.941 372.136 372.214 372.370 372.409 372.644 372.683 372.644 372.449 372.175 372.370 372.214 372.214 371.902 372.175 371.628 371.941 371.941 371.902 371.745 371.550 371.824 371.745 371.902 371.589 371.628 371.667 371.472 371.589 371.433 370.808 370.808 371.081 370.456 370.183 370.808 371.120 370.925 370.652 370.964 371.042 370.730 370.300
374.089 373.425 373.816 373.542 373.581 373.347 373.308 373.816 373.503 373.308 372.956 372.878 372.331 371.980 372.488 372.175 372.253 372.097 372.058 372.058 371.784 372.019 371.902 372.019 372.136 372.058 372.409 372.566 372.409 372.527 372.331 372.409 372.488 372.409 372.214 372.370 371.902 372.214 372.175 371.784 372.058 372.019 371.863 371.745 372.019 371.902 371.902 371.824 371.706 371.550 371.628 371.511 371.784 371.745 371.316 371.355 370.730 370.730 370.730 369.675 370.886 370.378 370.574 371.159 370.808 370.417 370.378
374.089 373.894 374.284 374.011 373.464 373.777 373.230 372.800 373.113 373.073 372.644 372.488 372.253 372.253 372.175 372.488 372.331 372.058 372.292 372.175 371.784 372.019 372.019 371.941 372.175 372.097 372.644 372.488 372.409 372.253 372.253 372.331 372.214 371.980 372.097 371.824 371.824 372.136 371.589 372.175 371.980 371.980 371.863 371.706 371.902 371.980 371.902 371.589 371.472 371.589 371.589 371.589 371.511 371.511 371.589 371.706 371.199 371.316 370.925 370.222 370.300 370.261 370.691 370.456 370.613 370.613 370.495
374.245 374.206 374.441 373.659 373.308 373.308 373.269 372.995 372.956 373.113 372.488 372.761 372.527 372.449 372.566 372.488 372.527 372.214 372.175 371.941 371.863 372.566 371.824 371.941 372.253 372.722 372.331 372.644 372.097 372.292 372.058 372.019 371.980 371.902 371.980 372.097 372.214 372.136 371.863 371.863 372.136 371.745 371.824 371.745 371.003 371.941 371.667 371.550 371.628 371.433 370.964 370.925 370.300 371.199 371.433 371.550 371.199 371.199 370.339 370.495 370.495 369.831 369.870 370.300 370.574 370.339 370.105
374.362 374.050 373.659 372.956 373.152 372.956 373.308 373.073 373.152 373.034 372.917 372.917 372.761 372.722 372.449 372.683 372.409 372.409 371.941 371.941 371.980 372.097 371.745 372.019 371.824 372.019 372.605 372.488 372.253 372.097 371.863 371.863 372.097 372.097 371.941 371.824 371.902 371.863 371.824 372.097 371.863 371.706 372.019 371.784 371.355 371.784 371.355 370.769 370.652 370.144 369.948 368.816 369.167 369.402 369.792 370.300 370.066 370.378 368.933 369.128 368.581 368.308 368.620 368.425 368.737 368.816 367.800
374.011 373.191 373.230 373.113 373.464 373.464 373.152 372.917 372.956 373.191 373.152 372.995 372.761 372.644 372.683 372.449 372.097 371.863 371.628 372.019 371.355 371.550 371.745 371.745 371.824 371.784 371.980 372.253 372.175 372.058 371.980 372.097 372.019 372.097 371.941 371.980 371.902 371.902 372.175 371.902 371.863 371.784 371.745 371.863 371.667 371.628 371.472 369.597 369.284 368.386 368.972 369.089 369.558 369.402 369.988 370.105 369.519 368.855 368.464 368.503 367.839 367.604 367.565 367.722 367.409 367.526 367.253
372.761 373.191 373.152 373.347 373.191 373.347 373.698 373.191 373.113 373.230 372.995 372.956 372.253 372.566 372.605 372.175 372.136 372.136 371.472 371.433 371.081 371.277 371.277 371.589 371.628 371.667 371.824 371.824 371.941 371.863 372.175 371.824 372.097 372.019 372.019 371.863 371.902 371.902 371.745 371.863 371.824 371.628 371.628 371.199 371.628 370.886 369.870 369.402 369.011 368.855 369.011 369.363 370.105 369.831 370.183 369.948 369.441 369.519 368.425 368.620 368.777 367.839 368.386 367.878 367.839 367.565 367.409
373.581 373.152 373.073 373.152 373.464 373.464 373.347 373.542 373.073 373.034 372.956 372.995 372.488 372.175 372.331 372.488 372.019 371.980 371.472 371.433 371.511 371.511 371.316 371.589 371.628 371.902 371.824 371.745 371.824 372.136 372.058 372.214 371.980 371.745 371.941 371.824 371.745 371.784 371.941 371.706 372.136 371.706 371.589 371.394 370.417 369.636 369.792 368.698 369.089 369.597 369.870 370.261 370.613 370.417 370.027 369.988 369.636 369.714 369.011 368.503 368.542 368.190 368.073 368.034 367.526 367.487 368.269
373.503 374.323 374.089 373.855 373.972 374.050 373.620 373.386 373.034 373.073 372.878 372.800 372.527 372.058 372.370 372.058 371.863 371.902 371.511 371.667 371.355 371.394 371.472 371.667 371.863 371.784 371.706 371.980 371.824 371.706 372.058 371.784 371.628 371.824 371.706 371.745 371.589 371.628 371.706 371.628 371.745 371.589 371.159 371.042 370.105 369.363 369.284 369.363 369.480 370.066 370.652 371.003 370.417 370.222 370.183 369.792 369.402 369.323 368.816 368.777 368.425 367.878 367.722 367.370 368.308 368.347 368.269
372.800 373.308 374.480 374.519 374.362 374.011 374.050 373.659 373.542 373.308 372.956 372.839 372.136 372.019 371.511 371.745 372.175 371.550 371.394 371.511 371.355 371.433 371.589 371.824 371.863 371.863 371.589 371.706 371.941 371.667 371.745 371.706 371.199 371.316 371.628 371.550 371.433 371.667 371.277 371.316 371.199 371.159 370.886 370.339 369.441 369.206 369.714 369.323 370.300 371.199 370.886 370.925 370.417 370.261 369.831 369.597 369.323 369.050 369.011 368.425 368.425 368.112 367.604 368.034 368.034 368.308 368.698
371.003 372.331 373.659 374.714 374.558 374.401 374.284 373.777 372.995 373.191 372.761 372.722 372.136 372.019 372.058 371.667 371.706 371.511 371.355 371.433 371.550 371.472 371.745 371.706 371.824 371.667 371.628 371.628 371.550 371.394 371.628 372.136 371.316 371.081 370.964 370.808 371.159 371.277 371.277 371.394 371.081 370.964 370.847 370.105 369.636 369.402 369.870 370.456 371.120 371.081 371.238 370.652 370.339 370.339 369.441 369.323 369.245 369.089 369.128 368.698 368.386 368.659 367.722 367.878 368.230 369.050 369.909
