Results_IR_11145toIR_11146/Ir_11145shifted.txt
NCOLS 640
NROWS 480
XLLCORNER 0
YLLCORNER 0
CELLSIZE 1
NODATA_VALUE -9999
[rows 377 to 405 of 480, columns 335 to 401 of 640]
366.706 368.230 369.245 370.183 370.261 370.808 370.847 371.120 371.199 370.769 370.105 369.909 369.636 369.519 369.402 369.284 369.245 369.089 368.894 368.542 368.308 368.308 368.112 368.034 369.480 369.480 370.691 371.472 371.550 371.745 372.175 372.331 372.605 372.839 372.956 372.917 372.683 371.980 371.784 371.980 371.472 371.355 371.824 370.808 370.808 370.534 370.222 370.105 369.792 369.675 369.831 369.714 369.870 369.831 369.675 369.206 369.284 369.011 368.894 368.542 367.917 367.956 367.839 367.722 366.667 366.159 366.237
368.659 370.378 370.495 370.925 370.964 371.316 371.238 371.394 371.199 370.652 370.183 369.870 369.753 369.597 369.753 369.519 369.441 369.167 369.206 368.855 368.777 368.855 369.050 370.066 370.730 371.433 371.745 371.902 371.980 372.253 372.136 372.370 372.566 372.409 372.566 372.370 371.902 371.941 371.550 371.433 371.355 371.159 371.159 371.003 370.886 370.652 370.105 370.066 369.831 369.948 370.027 370.105 369.988 369.675 369.675 369.441 369.909 369.089 368.972 368.894 368.581 367.878 367.253 367.253 366.667 366.589 366.081
368.737 370.300 371.081 371.003 371.238 371.511 371.355 371.589 371.316 371.081 370.027 369.870 369.831 369.831 369.675 369.519 369.597 369.206 369.011 369.050 368.777 368.933 369.050 370.613 371.120 371.824 371.824 372.214 372.409 372.370 372.253 372.370 372.449 372.331 372.449 371.863 372.214 371.745 371.863 371.277 371.277 371.199 371.159 371.003 371.003 371.042 370.769 370.652 370.066 370.183 370.534 370.456 370.144 370.105 369.597 369.870 369.519 369.284 369.206 369.402 369.050 368.386 368.425 367.136 366.589 366.745 366.550
371.159 371.238 371.199 371.316 371.355 371.394 371.628 371.316 371.277 370.925 370.808 370.534 369.753 369.909 369.909 369.636 369.636 369.558 369.089 369.167 368.972 369.284 369.714 370.456 370.964 371.667 371.784 372.253 372.253 372.331 372.331 372.409 372.292 372.214 372.292 372.292 371.511 371.980 371.745 371.472 371.589 371.355 371.120 371.081 371.120 371.003 371.003 370.574 370.495 370.534 370.456 370.456 370.183 369.948 369.909 369.988 369.636 369.519 369.714 369.519 369.441 369.206 369.128 368.190 367.175 366.471 366.667
372.019 371.902 372.019 371.706 371.902 371.706 372.097 371.628 371.511 371.316 370.925 370.574 369.909 370.183 370.027 369.909 369.988 369.597 369.519 369.753 369.636 369.284 369.831 370.066 370.456 371.355 371.589 372.370 372.136 372.253 372.292 372.214 372.253 372.097 372.058 372.175 372.214 372.175 372.097 371.824 371.589 371.433 371.159 371.238 371.238 371.120 371.120 371.042 370.808 370.847 370.261 370.456 370.574 370.456 370.261 370.183 369.870 370.066 369.714 369.714 369.909 369.909 369.402 369.167 368.425 367.448 367.057
371.784 372.331 372.136 372.136 372.097 372.331 372.058 371.667 371.472 371.472 371.316 370.808 370.925 370.456 370.066 369.948 369.636 369.675 369.636 369.597 369.441 369.519 369.636 369.480 370.183 370.691 371.589 371.980 371.784 371.550 372.253 372.488 372.175 372.214 372.214 372.214 372.175 372.175 372.019 371.589 371.628 371.277 371.355 371.316 371.159 371.277 371.120 370.964 370.847 370.769 370.769 370.691 370.534 370.417 370.339 370.183 370.027 370.144 370.105 370.066 369.988 370.066 369.988 369.284 368.777 367.878 367.761
372.058 372.566 372.370 372.136 372.214 372.175 372.214 371.824 371.902 371.667 371.550 371.433 371.511 370.691 370.613 370.222 370.066 369.636 369.675 369.636 369.558 369.597 369.597 369.636 369.675 370.105 370.808 371.199 371.238 371.355 371.472 372.175 372.253 372.214 372.253 372.214 371.980 371.784 371.863 371.589 371.511 371.355 371.238 371.316 371.355 371.238 371.199 371.042 370.808 370.769 370.574 370.691 370.613 370.456 370.378 370.300 370.222 370.300 370.300 370.222 370.183 370.027 369.792 369.675 368.816 368.073 367.370
372.722 372.488 372.409 372.409 372.331 372.409 372.527 372.097 371.902 372.058 371.589 371.902 371.238 371.042 370.378 370.105 370.222 370.027 369.675 369.363 369.714 369.597 369.636 369.909 369.909 370.027 370.417 370.222 371.355 371.081 371.902 372.097 372.214 371.980 372.097 371.980 372.019 371.550 371.784 371.511 371.511 371.394 371.316 371.394 371.199 371.277 371.120 370.964 370.847 370.613 370.730 370.691 370.652 370.495 370.417 370.456 370.417 370.339 370.378 370.339 370.222 369.988 369.988 369.753 369.402 368.073 368.308
372.839 372.409 372.527 372.488 372.449 372.370 372.175 372.175 372.058 371.784 371.784 372.019 372.019 371.511 370.769 370.574 369.714 369.675 369.792 369.636 369.675 369.558 369.870 369.909 369.714 370.027 369.909 370.261 370.339 370.769 371.863 372.058 372.214 372.136 371.980 372.019 371.784 371.667 371.667 371.511 371.472 371.394 371.355 371.316 371.159 371.081 371.120 371.003 370.925 370.808 370.456 370.652 370.574 370.534 370.417 370.456 370.417 370.378 370.456 370.378 370.300 370.183 370.222 369.948 369.519 368.698 367.956
372.449 372.644 372.331 372.370 372.449 372.331 372.370 372.175 372.019 371.980 371.941 372.019 371.433 371.550 371.120 370.808 370.183 369.909 369.714 369.675 369.831 369.792 370.144 370.066 369.753 369.753 370.027 370.105 370.417 370.613 371.784 372.253 372.058 372.019 371.902 371.745 371.667 371.589 371.433 371.511 371.433 371.316 371.394 371.316 371.159 371.042 371.081 370.925 370.730 370.769 370.652 370.652 370.378 370.456 370.456 370.652 370.652 370.691 370.652 370.691 370.456 370.300 370.105 369.831 369.011 368.581 367.722
372.761 372.566 372.409 372.488 372.409 372.331 372.331 372.136 372.058 372.449 372.058 372.253 372.058 371.863 370.886 370.456 370.183 370.144 370.027 369.792 369.870 369.909 369.831 369.988 370.105 369.870 369.870 370.144 370.339 370.652 371.550 371.667 371.902 371.784 371.667 371.824 371.706 371.784 371.472 371.394 371.511 371.277 371.355 371.316 371.081 371.081 370.964 370.730 370.730 370.652 370.378 370.456 370.417 370.534 370.300 370.769 370.808 370.886 370.808 370.925 370.613 370.534 370.066 370.066 369.597 369.363 367.565
373.113 372.917 372.370 372.409 372.409 372.449 372.409 372.214 372.214 372.019 371.902 372.331 372.019 371.199 371.472 370.652 370.769 370.261 370.066 369.948 369.870 369.831 369.831 369.870 369.792 370.183 369.988 369.948 370.261 370.691 370.847 371.316 371.706 371.316 371.628 371.589 371.628 371.667 371.550 371.277 371.472 371.120 371.277 371.081 370.808 370.730 370.652 370.574 370.300 370.417 370.183 370.066 369.870 370.339 370.378 370.613 371.042 370.769 370.964 371.042 370.964 370.808 370.652 370.261 369.988 368.816 368.112
372.995 373.073 372.800 372.683 372.605 372.605 372.370 372.370 372.370 372.175 371.980 371.784 371.667 371.394 371.277 370.964 370.613 370.534 369.988 370.066 369.636 369.988 369.831 369.988 370.105 370.027 370.027 369.988 369.988 370.066 370.691 371.042 371.472 371.394 371.745 371.550 371.433 371.316 371.667 371.394 371.355 371.159 370.964 371.159 370.613 370.456 370.417 370.222 370.105 369.792 369.636 369.597 369.558 370.105 370.105 370.730 370.964 370.730 371.159 371.238 371.238 370.886 370.886 370.613 370.066 369.245 367.878
373.230 373.113 373.191 373.034 372.761 372.644 372.566 372.527 372.292 372.175 372.058 372.058 371.589 371.316 371.706 370.769 370.691 370.730 369.988 369.792 369.753 369.753 369.831 369.909 370.144 369.948 369.988 370.105 370.144 370.183 370.183 370.456 370.925 371.120 371.238 371.589 371.511 371.628 371.472 371.355 371.277 371.159 371.120 370.691 370.613 370.495 370.261 370.300 369.988 369.870 369.792 369.558 369.441 369.636 369.831 370.495 370.495 371.081 370.964 371.159 371.120 370.925 370.886 370.417 370.144 369.206 367.526
373.464 373.230 373.073 373.152 372.917 372.839 372.722 372.605 372.488 372.175 372.058 371.941 371.550 371.277 371.589 371.394 370.886 370.339 370.027 370.027 369.753 369.831 369.753 369.948 369.948 370.222 370.105 370.066 370.027 370.066 370.183 370.456 370.300 370.691 371.120 371.277 371.433 371.511 371.550 371.355 371.316 371.238 370.886 370.847 370.574 370.261 370.261 370.105 370.027 369.831 369.519 369.363 369.402 369.636 369.597 370.027 370.339 370.730 370.886 371.316 371.003 371.003 370.886 370.613 370.222 368.425 367.409
373.620 373.620 373.542 373.113 372.917 372.956 372.722 372.527 372.488 372.136 371.824 371.355 371.433 371.394 371.394 371.159 370.964 370.339 370.300 369.753 369.831 369.753 369.831 369.909 369.948 370.066 370.222 370.066 370.261 369.831 370.066 370.105 370.105 370.261 371.081 371.159 371.394 371.745 371.589 371.433 371.394 371.316 371.277 371.042 370.808 370.339 370.300 369.988 370.222 369.714 369.519 369.402 369.323 369.441 369.675 370.027 370.378 370.417 370.652 370.964 370.495 370.886 370.066 369.792 368.464 368.151 367.331
373.659 373.503 373.386 373.113 373.034 373.073 372.644 372.839 372.292 371.902 371.824 370.769 371.042 370.105 370.574 370.066 370.105 370.183 369.675 369.714 369.831 369.831 369.753 369.909 370.027 370.027 370.222 370.534 370.300 370.378 369.988 369.909 369.988 370.144 370.769 371.355 371.316 371.355 371.433 371.472 371.394 371.394 371.199 371.277 370.964 370.534 370.417 370.144 370.027 369.597 369.519 369.402 369.363 369.363 369.636 369.792 370.144 370.261 370.495 370.613 370.339 370.222 370.378 369.480 368.972 367.917 368.034
373.698 373.933 373.620 373.269 372.956 372.839 373.073 372.878 372.839 371.511 371.238 370.691 369.753 369.597 369.245 369.363 369.753 369.792 369.870 369.714 369.870 369.831 369.870 369.831 370.105 370.300 370.183 370.574 370.417 370.300 370.066 369.948 369.909 370.105 370.964 371.316 371.316 371.589 371.902 371.355 371.238 371.277 371.042 371.081 371.238 370.574 370.378 370.261 370.027 369.714 369.675 369.441 369.167 369.323 369.558 369.675 369.792 370.105 370.300 370.534 370.222 370.417 369.753 369.323 368.972 368.737 368.620
374.441 373.894 373.503 373.347 373.191 373.034 373.034 372.722 372.566 371.550 371.316 370.417 369.675 369.363 369.402 369.089 369.441 370.183 369.675 370.027 369.948 370.027 369.948 369.909 370.027 370.105 370.378 370.613 370.691 370.300 370.183 370.027 369.988 369.870 370.105 370.534 371.003 371.316 371.081 371.238 371.120 370.964 371.042 370.925 370.769 370.769 370.495 370.339 369.753 369.597 369.441 369.323 369.245 369.206 369.050 369.792 369.089 370.183 370.027 369.714 369.636 369.363 368.972 369.011 368.855 368.581 368.542
374.050 374.128 373.816 373.464 373.347 373.152 372.956 372.605 372.058 371.628 370.769 370.574 369.753 369.284 369.206 369.402 369.480 369.441 370.066 370.066 369.948 369.948 369.988 369.948 370.066 370.105 370.691 370.691 370.652 370.378 370.183 370.066 369.870 370.027 369.909 369.909 370.613 371.003 371.277 371.199 370.847 370.886 370.574 370.495 370.456 370.183 370.144 370.183 369.558 369.831 369.441 369.050 368.933 369.089 369.128 369.128 368.933 368.855 369.206 369.245 369.245 369.011 368.620 368.503 368.347 368.464 368.542
374.245 373.933 373.855 373.737 373.464 373.347 372.956 372.566 371.784 371.550 370.847 369.675 369.636 369.206 369.206 369.909 370.027 369.870 369.988 369.909 369.870 369.988 369.948 370.027 370.027 370.066 370.144 370.495 370.808 370.534 370.339 370.105 369.909 369.909 369.714 369.714 370.105 370.574 371.003 370.730 370.495 370.456 370.417 370.183 370.261 370.105 369.948 369.792 369.363 369.245 369.402 369.167 368.972 368.855 368.347 368.503 368.073 367.878 367.956 368.894 368.894 368.620 368.581 368.151 367.956 367.604 367.761
373.933 374.011 373.816 373.698 373.542 373.386 373.113 372.683 372.605 371.824 371.277 370.495 369.870 369.402 369.480 369.675 369.988 369.988 369.988 370.066 369.870 369.948 370.027 369.792 369.870 370.105 370.300 370.613 370.808 370.808 370.769 370.300 370.027 369.909 369.714 369.714 369.167 369.792 370.300 370.144 370.378 369.948 370.066 370.144 370.105 369.948 369.870 369.714 369.284 368.894 369.206 368.894 368.737 368.659 368.464 368.112 367.722 368.034 368.034 368.620 368.894 368.620 368.269 368.230 368.190 367.604 367.018
373.972 374.011 373.737 373.777 373.386 373.659 373.152 373.034 372.644 372.292 372.175 371.941 370.378 371.511 371.277 371.081 370.378 370.222 370.027 369.870 369.948 369.948 369.792 369.831 370.027 370.300 370.691 370.574 370.769 370.613 370.925 370.417 370.222 369.714 369.831 369.558 369.519 368.777 368.581 368.386 369.480 370.027 369.870 369.948 369.988 369.870 369.675 369.480 369.441 369.011 368.972 369.050 368.816 368.425 368.425 368.034 368.034 367.604 367.878 368.620 368.425 368.464 368.464 367.995 367.800 367.722 367.487
374.284 374.206 374.245 373.972 373.894 373.698 373.464 373.269 372.800 372.839 372.409 372.605 371.902 371.980 371.472 371.511 370.886 370.144 370.222 369.909 369.988 369.792 369.675 369.831 370.105 370.378 370.300 370.652 370.925 371.003 370.847 370.691 370.495 370.183 369.988 369.675 368.777 368.269 368.542 368.464 368.972 369.636 369.050 369.714 369.714 369.753 369.753 369.206 369.245 369.089 369.206 368.620 368.347 368.190 368.151 367.956 367.644 367.761 367.878 368.737 368.581 368.503 368.425 368.230 368.151 367.956 366.823
374.323 374.323 374.167 373.933 373.777 373.816 373.620 373.269 373.269 373.034 372.761 372.527 372.214 371.941 371.902 371.355 370.964 370.769 370.378 369.948 369.870 369.909 369.675 369.636 369.948 370.066 370.495 370.574 370.847 370.769 370.730 370.730 370.456 370.300 370.144 369.948 368.777 368.777 367.995 367.995 367.956 368.151 368.816 368.894 369.245 369.870 369.988 369.323 368.894 368.816 368.659 368.933 368.269 368.112 367.800 367.800 367.604 367.683 367.917 368.034 368.425 368.425 368.308 368.230 367.917 367.800 367.331
374.206 374.323 374.362 374.167 373.737 373.894 373.855 373.542 373.269 373.308 372.878 372.644 372.644 372.214 371.863 371.863 371.628 371.003 370.495 369.909 369.988 369.831 369.558 369.831 370.144 369.519 370.339 370.144 370.886 370.847 370.925 370.613 370.652 370.613 370.300 370.066 368.894 368.347 368.347 368.151 367.800 368.073 368.112 368.777 369.323 369.363 369.636 369.167 369.323 369.050 368.933 368.425 368.112 367.761 367.722 367.526 367.565 367.487 367.761 367.995 368.190 368.073 367.956 368.151 367.917 367.917 367.409
374.167 374.206 374.167 374.089 374.089 373.777 373.659 373.542 373.269 373.269 372.878 372.683 372.331 372.449 372.370 371.784 371.784 371.238 370.769 369.792 369.753 369.870 369.480 369.988 369.792 369.480 370.105 370.066 370.456 370.378 370.769 370.613 370.652 370.534 370.417 370.339 368.933 368.698 368.073 367.995 367.839 367.839 368.034 368.464 368.894 369.089 369.284 369.128 369.167 369.050 368.972 367.956 367.683 367.526 367.526 367.370 367.331 367.409 367.409 367.683 367.722 367.565 367.917 368.073 367.565 367.683 367.409
374.128 374.089 374.167 374.050 374.128 373.855 373.698 373.542 373.191 372.995 372.761 372.605 372.449 372.214 372.097 372.058 371.824 371.199 370.261 370.456 370.261 370.378 369.636 369.284 369.441 369.558 369.870 370.183 370.027 370.417 370.730 370.847 370.808 370.417 370.534 370.495 369.675 368.698 368.308 368.464 367.956 368.073 368.151 368.347 368.777 369.089 369.206 369.011 369.402 369.011 368.698 368.073 367.487 367.526 367.370 367.565 367.526 367.370 367.253 367.253 367.253 367.370 367.526 367.722 367.839 367.683 367.526
374.089 374.128 374.323 373.972 373.972 373.737 373.503 373.230 373.191 372.761 372.800 372.409 372.331 372.175 372.175 372.175 372.058 371.589 370.417 370.027 370.300 369.948 369.636 369.636 369.323 369.323 369.519 369.597 370.105 370.144 370.652 370.808 370.730 370.769 370.613 370.495 369.909 370.339 369.089 368.659 368.230 368.308 368.151 368.073 368.190 368.972 368.894 369.206 369.050 368.737 368.425 368.230 367.683 367.409 367.214 367.448 367.370 367.214 367.253 367.175 367.136 367.057 367.409 367.409 367.370 367.409 367.370
