Results_IR_11145toIR_11146/Ir_11146shifted.txt
NCOLS 640
NROWS 480
XLLCORNER 0
YLLCORNER 0
CELLSIZE 1
NODATA_VALUE -9999
[rows 29 to 57 of 480, columns 402 to 468 of 640]
341.340 344.303 344.504 344.696 344.673 344.012 343.451 340.866 339.744 333.324 332.271 330.417 328.053 331.658 333.716 333.662 332.281 336.221 337.880 337.493 338.289 340.213 343.146 341.934 341.235 343.370 344.328 345.805 344.282 342.674 339.237 337.066 336.827 341.773 344.083 344.458 343.581 340.985 338.307 333.397 330.968 331.046 334.081 336.266 344.098 344.232 344.541 345.817 349.252 350.435 351.625 351.518 351.539 350.990 350.680 347.764 343.739 339.222 337.041 334.556 334.589 336.043 338.421 342.289 343.469 343.586 342.634
343.831 344.993 344.684 345.048 344.678 344.111 343.297 343.159 340.476 334.238 330.822 326.266 325.745 328.987 332.028 334.473 334.624 337.842 337.714 334.696 335.672 337.666 340.330 340.890 342.444 344.979 344.051 345.213 343.662 339.452 336.507 336.487 339.033 343.536 344.452 343.484 340.152 335.450 331.467 327.693 327.110 329.499 334.202 341.177 344.629 344.169 344.579 347.135 349.623 351.174 351.784 351.688 351.341 350.199 348.593 343.575 338.426 332.625 329.856 328.509 329.700 334.005 339.234 342.945 344.343 343.688 342.781
343.981 344.099 344.590 345.051 344.713 344.960 344.343 343.779 341.408 336.243 328.231 324.230 324.812 327.034 330.219 331.816 335.521 337.505 336.353 335.497 337.248 338.053 339.390 341.381 344.564 346.048 343.932 343.833 341.749 337.916 336.623 338.495 341.597 344.328 342.993 339.602 335.268 329.778 327.427 327.055 327.403 332.961 338.041 344.010 344.230 344.034 344.703 347.615 350.141 351.507 351.592 351.437 350.980 349.880 344.856 338.279 331.995 327.534 327.429 330.480 334.437 338.971 342.725 343.738 344.211 343.509 342.589
341.118 341.747 343.420 344.437 344.392 344.085 343.377 342.699 340.054 333.289 327.192 324.824 325.420 327.318 328.720 329.061 332.325 333.554 333.518 336.858 338.029 336.188 336.226 341.248 344.135 344.896 343.104 340.510 337.869 337.206 337.166 339.686 342.592 343.139 339.139 335.558 332.918 329.319 328.421 328.723 329.909 335.660 340.250 342.704 342.151 343.230 344.884 349.073 350.074 351.688 351.272 351.276 350.488 348.413 341.466 332.551 327.194 326.927 330.594 337.137 341.921 343.053 345.024 345.599 344.365 342.763 340.951
337.228 338.460 341.895 343.170 343.156 342.800 342.934 342.312 340.131 334.341 329.583 326.432 325.236 325.718 326.268 327.305 329.336 329.190 330.805 335.095 337.835 336.362 335.628 339.978 343.572 344.431 342.889 339.339 337.317 336.850 337.765 341.388 342.229 340.529 335.577 333.802 331.240 330.943 333.273 334.276 335.470 337.724 338.060 338.069 337.512 341.344 345.891 351.257 351.663 352.908 351.348 351.409 350.063 345.656 338.065 329.514 327.463 330.277 336.531 342.754 345.593 345.659 346.239 346.372 345.044 341.126 339.228
334.421 334.808 340.092 342.482 343.282 342.642 342.089 341.324 339.865 337.256 334.340 330.837 326.082 325.512 324.679 324.847 325.102 326.740 332.045 336.463 337.729 333.577 332.571 337.458 344.036 344.860 344.292 343.489 340.604 339.125 340.371 342.275 342.705 340.329 335.574 330.240 329.225 332.310 338.233 338.459 338.055 335.617 334.241 334.450 336.675 342.328 348.338 352.441 353.010 352.977 351.532 350.997 348.160 341.574 335.903 331.311 331.121 336.484 342.161 345.875 345.957 345.908 345.864 344.775 342.111 339.079 339.082
334.431 335.277 339.960 342.722 342.561 342.755 342.325 341.401 338.653 338.550 338.189 335.570 328.258 325.336 323.562 323.747 323.563 326.996 334.077 337.547 336.712 332.388 332.991 337.139 343.610 344.718 344.421 344.303 343.784 343.125 342.751 342.824 342.112 338.475 333.611 329.566 331.301 336.448 339.481 338.549 337.180 334.273 333.889 336.686 342.193 347.362 351.510 352.988 353.328 353.380 352.254 348.721 344.761 341.996 339.358 336.760 337.651 342.012 345.809 345.988 345.943 345.575 344.288 340.761 339.253 339.880 340.005
335.045 336.555 340.396 341.958 341.789 342.743 342.469 341.618 338.606 339.212 338.837 336.361 329.778 325.353 322.991 322.182 322.356 324.709 331.100 336.618 335.752 334.766 335.345 338.201 342.857 344.483 344.702 344.781 344.786 343.442 343.026 341.039 339.363 335.165 330.752 331.627 336.056 337.619 338.373 336.998 335.524 333.163 333.987 340.689 346.361 351.314 352.654 352.836 352.822 352.854 350.496 344.805 342.622 341.846 341.538 342.406 345.051 346.062 346.624 345.553 344.627 343.401 340.971 339.975 339.313 338.228 337.344
336.391 340.118 340.640 339.705 339.453 342.259 342.452 341.177 336.610 338.422 339.680 335.960 329.831 325.047 322.453 322.177 322.778 324.098 331.602 336.188 335.086 335.694 335.834 336.165 342.136 343.609 343.828 344.056 343.135 342.228 339.386 336.116 332.725 332.285 331.017 335.485 335.854 335.782 336.351 335.503 332.872 329.778 333.514 341.221 347.240 351.386 352.867 353.003 352.405 350.667 344.945 339.530 340.390 341.959 345.521 348.151 347.999 347.456 346.244 343.993 341.304 340.617 340.848 340.041 337.368 333.665 332.612
338.894 340.412 339.830 339.244 341.034 343.357 343.572 340.664 335.952 338.317 339.055 335.389 328.407 325.197 322.916 323.822 324.861 325.172 332.652 335.506 336.772 337.785 336.064 336.107 340.953 342.415 342.897 343.304 342.879 338.414 333.052 328.486 329.145 330.728 332.689 332.477 332.108 332.900 333.249 331.534 328.442 328.205 333.791 341.639 347.790 351.313 352.589 352.137 350.181 344.921 339.235 337.627 341.488 344.521 347.861 347.048 346.582 344.929 342.980 340.266 340.539 339.882 339.212 338.285 334.243 331.056 331.251
339.431 339.643 339.491 340.028 342.989 343.395 344.251 341.864 338.093 338.368 337.906 334.773 328.759 327.564 325.079 325.988 325.546 326.157 331.031 332.154 335.928 336.177 333.205 333.090 338.400 340.293 342.668 343.924 341.074 333.178 328.078 329.294 333.552 334.928 332.519 328.586 329.317 329.785 328.147 325.249 325.870 327.512 333.430 342.834 348.849 350.704 351.070 349.032 345.180 338.118 338.720 341.831 345.653 346.152 345.233 342.859 342.104 339.703 339.046 339.128 338.050 337.207 335.047 334.305 332.025 330.969 330.792
339.977 339.972 340.233 341.355 343.234 343.910 344.802 343.536 341.254 337.919 333.603 332.055 331.988 331.007 327.184 327.046 327.200 326.672 328.578 331.862 334.505 333.049 330.811 332.337 336.055 339.765 343.207 341.432 334.185 328.024 328.112 333.518 337.238 334.113 329.806 327.215 327.719 325.883 325.026 324.836 324.696 324.826 331.588 342.840 347.699 348.409 347.592 344.001 338.919 336.264 342.113 345.995 345.526 343.512 339.826 338.760 338.530 337.914 337.749 336.908 332.574 331.014 330.296 330.805 331.450 331.811 332.082
339.486 339.137 339.935 341.777 342.730 342.837 343.621 343.112 340.096 334.949 330.368 330.213 332.215 333.066 329.919 328.423 331.043 329.925 332.060 334.002 334.248 331.330 332.842 335.474 338.702 340.650 339.717 334.531 328.947 328.674 331.825 335.318 333.783 329.657 326.723 326.996 326.302 325.236 325.475 324.764 323.930 324.020 332.011 341.171 344.018 345.341 343.490 338.022 335.029 337.842 343.990 343.583 341.604 338.021 337.761 338.889 338.400 336.719 334.407 331.152 328.030 326.307 327.230 329.845 329.258 331.521 331.940
339.583 339.511 338.945 339.169 340.383 340.548 340.418 340.688 337.578 332.649 328.938 328.759 329.900 329.981 327.746 327.257 329.720 329.018 335.271 337.059 335.114 332.956 334.301 334.327 337.358 337.049 333.213 329.893 330.339 332.578 333.034 332.358 329.657 327.042 326.259 325.625 324.808 325.138 326.035 324.693 323.899 326.824 334.403 338.959 337.794 337.838 336.649 332.431 332.546 338.475 338.804 336.497 335.214 336.001 337.857 336.982 335.126 330.344 327.032 324.392 325.813 326.435 327.084 326.845 327.637 330.259 330.151
339.900 339.377 337.787 339.856 339.808 338.430 338.501 339.707 336.467 331.668 330.480 328.894 327.992 327.030 326.104 327.622 327.359 330.080 337.116 337.640 336.463 334.428 331.565 331.657 332.470 331.086 327.733 327.298 333.323 334.557 330.584 328.440 327.492 327.736 325.909 324.694 324.676 326.821 328.416 326.237 326.008 331.184 335.060 332.582 330.127 330.989 329.242 328.563 331.598 334.689 331.897 329.548 331.435 332.637 332.058 329.723 328.370 323.885 322.001 321.343 324.170 324.900 325.007 324.765 325.370 326.281 325.548
338.297 337.891 338.053 340.225 338.761 338.562 339.125 339.740 333.175 329.924 330.361 330.126 327.937 326.218 326.815 328.767 329.533 332.909 335.424 335.613 337.076 333.930 331.632 331.194 330.520 328.553 326.342 326.657 331.734 329.788 326.668 327.115 327.500 326.725 326.264 324.965 325.199 327.187 328.980 328.845 329.153 331.271 328.742 327.165 329.024 328.069 324.849 326.862 328.963 326.871 327.122 327.515 327.582 325.930 324.383 323.252 322.373 320.248 319.310 319.472 319.918 321.485 321.921 321.318 321.238 321.046 321.289
337.203 335.509 338.545 340.938 340.818 341.066 340.645 337.294 331.533 332.113 332.868 332.432 329.059 326.566 325.584 327.901 331.673 334.298 331.747 336.682 338.173 334.166 331.434 331.530 330.216 326.285 324.384 325.959 326.534 324.514 326.268 327.462 325.958 325.245 327.049 326.443 326.487 327.567 328.430 327.953 327.602 325.698 323.883 324.083 328.166 325.396 323.738 323.776 323.530 323.544 325.464 322.820 322.708 320.335 319.600 319.389 318.674 318.523 319.007 318.756 318.469 319.885 319.230 318.599 319.097 318.404 319.639
337.897 335.980 339.366 341.898 341.586 340.473 338.806 331.927 330.437 333.074 332.267 331.238 328.323 324.754 324.889 329.434 334.429 332.340 331.190 337.661 337.908 332.311 329.483 328.719 324.954 323.748 323.290 326.051 324.277 325.246 326.635 326.311 324.531 325.375 327.218 328.048 327.347 327.915 327.116 325.637 324.762 323.986 323.475 323.798 324.643 323.340 322.282 321.116 320.918 321.320 320.732 319.797 319.168 319.022 318.608 318.830 318.398 318.270 318.396 318.248 318.354 318.281 318.409 318.130 318.206 317.874 318.145
338.946 339.226 342.837 342.732 339.394 336.997 334.761 333.272 334.055 332.502 329.947 329.200 328.409 324.373 324.851 330.060 333.904 330.630 332.037 333.146 331.301 327.982 325.774 325.143 323.680 323.077 324.032 327.197 325.460 326.227 324.711 324.432 324.486 326.437 328.919 333.113 333.466 332.759 328.892 326.800 325.725 325.473 324.303 324.106 323.642 322.803 321.277 321.344 321.384 320.470 319.818 319.227 319.141 318.768 318.732 318.583 318.493 318.255 318.503 318.325 318.402 318.189 318.192 318.211 318.055 318.022 318.203
341.029 341.850 342.709 339.635 333.923 334.151 335.883 337.224 334.566 331.987 329.232 328.855 327.450 324.390 324.646 328.503 330.746 332.325 330.106 327.314 326.656 326.444 325.693 325.715 325.083 325.257 326.206 328.482 327.278 325.679 324.994 324.218 327.078 330.851 335.805 341.391 341.573 339.081 333.507 330.304 329.173 330.262 328.416 327.513 326.018 324.865 324.645 324.862 323.549 322.168 320.870 319.893 319.456 319.410 318.932 318.615 318.662 318.728 319.204 318.544 318.733 318.588 318.557 318.417 318.268 318.317 318.415
340.451 341.276 339.973 335.138 331.546 334.672 338.574 336.592 331.935 330.013 329.090 329.054 324.298 324.219 324.288 325.199 329.359 330.725 327.124 326.520 327.632 329.594 329.249 330.093 331.100 333.508 334.056 335.000 332.544 328.457 328.296 331.211 337.655 342.183 345.738 346.111 343.902 340.277 336.721 335.422 335.359 335.279 334.604 334.363 332.760 332.954 333.425 333.938 330.561 325.993 323.738 321.567 320.600 320.486 320.075 319.179 319.702 319.839 320.754 319.400 319.370 319.272 318.645 318.660 318.301 318.438 318.467
341.169 340.301 337.492 334.025 334.077 339.018 338.750 334.161 330.589 328.863 329.066 329.729 324.613 324.349 324.399 324.903 326.863 326.393 327.624 328.738 332.977 336.342 339.157 341.383 343.065 345.484 346.236 346.359 343.948 338.551 338.747 343.878 345.850 346.245 347.213 346.387 345.286 344.150 343.053 342.236 342.114 341.654 339.406 339.247 341.113 342.838 344.046 344.953 342.083 335.035 330.044 327.257 324.481 323.803 323.042 321.354 322.602 323.628 323.995 322.925 322.825 321.925 319.180 319.025 318.934 318.809 318.981
342.335 341.595 338.815 336.412 334.933 338.753 338.277 334.922 332.078 331.657 331.173 330.351 326.486 326.332 326.300 327.148 328.947 330.298 333.210 335.775 340.350 342.339 343.458 344.018 344.431 345.837 346.783 347.628 347.332 345.103 345.675 345.809 345.168 345.766 346.452 346.587 346.778 346.841 346.783 346.136 345.949 345.886 344.683 344.454 343.574 343.246 344.111 345.099 346.148 344.273 339.394 335.861 332.245 330.759 328.831 328.215 329.824 333.141 331.584 329.422 328.515 324.383 321.013 320.516 320.949 320.661 321.101
340.369 340.712 340.590 339.602 338.727 339.717 339.767 338.142 337.250 337.609 336.027 333.757 332.758 332.581 332.154 334.127 336.714 339.400 340.517 340.485 341.205 341.411 342.309 342.655 342.993 343.649 343.978 343.731 344.016 342.455 344.113 344.811 344.810 345.103 345.750 345.659 345.589 345.366 344.664 344.572 345.482 345.483 345.504 344.930 343.796 342.710 342.809 342.789 343.628 344.220 344.118 343.628 343.236 342.272 339.070 338.545 340.111 341.027 335.441 329.834 327.977 325.848 325.060 325.465 326.404 327.407 327.126
337.788 338.485 339.287 341.109 341.457 341.354 340.812 340.374 340.171 339.838 338.822 338.005 338.348 338.676 339.152 340.452 340.185 340.423 340.324 340.375 340.971 341.158 341.240 341.196 341.145 341.329 341.120 341.555 341.251 341.312 341.258 341.702 341.982 342.700 343.072 342.222 341.979 341.442 339.842 339.976 342.564 342.936 342.736 341.459 341.687 339.667 340.109 339.718 340.137 342.125 342.176 342.191 342.089 341.694 341.337 340.915 340.404 339.153 336.563 333.136 331.463 331.236 331.328 331.537 334.048 334.044 333.628
340.415 341.394 341.271 341.879 342.067 342.193 341.541 340.733 340.220 340.405 340.291 339.986 340.451 340.800 340.905 340.826 340.613 340.910 340.792 340.874 341.431 341.665 341.169 340.945 340.415 340.338 339.994 339.977 339.570 339.559 339.432 339.150 339.072 339.077 339.043 338.960 338.722 338.491 338.562 338.578 338.664 338.734 338.699 338.554 338.763 337.710 337.623 337.755 337.821 337.842 338.333 337.781 337.442 337.230 337.151 337.104 337.119 336.941 337.816 337.483 336.661 336.891 337.100 337.295 337.214 336.608 336.634
341.679 341.876 341.919 342.027 342.212 342.279 342.024 341.570 341.019 341.109 341.448 341.597 341.235 341.430 340.772 340.769 341.027 341.363 341.906 341.710 341.529 341.708 341.434 340.892 340.095 340.302 339.935 339.853 339.627 339.335 339.249 339.098 339.161 338.974 338.828 338.915 338.654 338.610 338.596 338.344 338.147 338.338 338.529 338.261 338.284 337.956 337.520 337.493 337.486 337.307 337.134 337.176 337.233 336.967 336.552 336.690 336.530 336.896 336.792 335.782 336.074 335.967 336.464 337.170 337.167 337.026 336.743
342.258 342.186 341.997 341.971 341.960 342.164 341.883 341.865 341.599 342.257 342.741 342.020 341.550 341.432 340.958 340.836 340.895 341.398 342.241 341.291 341.557 341.556 341.609 340.561 339.995 339.664 339.635 339.669 339.115 338.882 339.134 338.928 339.125 338.646 338.729 338.662 338.590 338.413 338.492 338.282 337.894 337.884 337.836 338.016 337.748 337.657 337.433 337.148 337.192 336.951 336.935 336.839 336.585 336.766 336.903 336.546 336.285 336.635 335.994 335.745 335.933 335.495 335.771 336.727 336.059 335.768 335.525
342.360 342.630 342.193 341.327 341.339 341.873 341.752 341.565 341.299 341.471 342.424 342.026 341.494 341.522 341.163 340.931 340.748 340.723 340.904 340.989 341.315 341.576 341.142 340.314 339.761 339.576 338.930 339.123 338.263 338.617 338.933 338.566 338.583 338.095 338.425 338.448 338.381 338.165 338.097 337.661 337.375 337.240 337.416 337.954 337.288 336.945 337.071 336.725 336.800 336.439 336.345 336.704 335.833 336.674 336.775 335.633 336.177 335.533 335.403 335.614 336.432 335.757 336.144 335.247 333.583 333.201 333.339
